# wavenlength / nm,    wavenumber / cm-1,  norm. absorbance
6.999606323000000430e+02,1.428651775334994056e+01,1.009980296124411399e-03
6.989519652999999835e+02,1.430713481964080280e+01,2.258386584022489037e-03
6.979429932000000463e+02,1.432781774074553383e+01,1.598178191931130289e-03
6.969337157999999590e+02,1.434856683396518839e+01,6.102106238648206168e-04
6.960683593999999630e+02,1.436640505915229937e+01,1.444288100067819434e-03
6.950584106000000020e+02,1.438728004365508184e+01,1.503200218344100505e-03
6.940481567000000496e+02,1.440822211465430946e+01,5.431783672569559865e-03
6.930375976999999921e+02,1.442923159318806547e+01,-3.595859645636240078e-04
6.920267334000000119e+02,1.445030880652391758e+01,2.395954051703713412e-03
6.910155029000000013e+02,1.447145535524569127e+01,1.397248732890094989e-03
6.900039672999999993e+02,1.449267029453498701e+01,3.534550836556594414e-03
6.889920654000000013e+02,1.451395524300329676e+01,4.892309706894231586e-03
6.879798584000000119e+02,1.453530925055930290e+01,1.322435037101942889e-03
6.869673461999999518e+02,1.455673265303741815e+01,-1.426050817356301452e-03
6.859545288000000482e+02,1.457822578632707611e+01,4.050069345001381521e-03
6.849413452000000007e+02,1.459979028872909090e+01,6.513430831031145549e-03
6.839278563999999960e+02,1.462142520797022449e+01,4.200255362424154884e-03
6.830588989000000311e+02,1.464002594227822485e+01,2.436244972236335066e-04
6.820447997999999643e+02,1.466179348179527153e+01,2.838040827861820770e-03
6.810303955000000542e+02,1.468363242826802662e+01,1.614754828799257452e-03
6.800156250000000000e+02,1.470554444980584030e+01,1.379777136785382500e-03
6.790006104000000278e+02,1.472752726114485888e+01,-4.500368096869552452e-04
6.779852294999999458e+02,1.474958386243132935e+01,5.784100484290083215e-04
6.769695434999999861e+02,1.477171328609408896e+01,4.470381293699555829e-03
6.759534912000000304e+02,1.479391722978943235e+01,-1.111784003655025927e-03
6.749371337999999696e+02,1.481619472275656335e+01,1.914938304261380991e-03
6.740657349000000522e+02,1.483534836774270183e+01,6.738125930216646306e-04
6.730488281000000370e+02,1.485776303664289699e+01,3.390185454034264274e-04
6.720316162000000304e+02,1.488025229608237510e+01,5.271265783556304714e-04
6.710140380999999934e+02,1.490281787295442228e+01,3.106724250314459208e-03
6.699961547999999993e+02,1.492545879309574808e+01,4.537187305689156964e-03
6.689779663000000482e+02,1.494817543140957028e+01,1.009532375791193353e-03
6.679594726999999921e+02,1.497096816305094968e+01,1.804494903509459109e-03
6.669406128000000535e+02,1.499383874377847548e+01,2.260179020495949737e-03
6.660670775999999478e+02,1.501350289828527096e+01,3.640786670069418810e-03
6.650476684999999861e+02,1.503651613809093490e+01,4.476209732584408157e-03
6.640279540999999881e+02,1.505960696120639497e+01,-1.598699873843428094e-04
6.630079345999999987e+02,1.508277575295250550e+01,5.925584248597028612e-03
6.619875488000000132e+02,1.510602430231086579e+01,4.384746141776107477e-03
6.609669188999999960e+02,1.512935022019299502e+01,3.336207193409041708e-03
6.599459229000000278e+02,1.515275669263476210e+01,-3.519736804216207931e-04
6.590705566000000317e+02,1.517288232626837363e+01,3.043080932323177518e-03
6.580490111999999954e+02,1.519643648086983134e+01,5.823096167444572792e-03
6.570271606000000020e+02,1.522007094937743155e+01,3.811577143919514781e-03
6.560050049000000172e+02,1.524378613776640101e+01,8.889304562210495822e-03
6.549824829000000364e+02,1.526758388365442443e+01,6.055436687084993913e-03
6.539597168000000238e+02,1.529146175689945686e+01,5.195669974042314669e-03
6.529365844999999808e+02,1.531542302482209905e+01,2.710540709396437858e-03
6.520593871999999465e+02,1.533602643609023808e+01,5.316752063552272062e-03
6.510357665999999881e+02,1.536013920129837551e+01,4.524633203261102521e-03
6.500117797999999993e+02,1.538433657783381570e+01,3.953011943457515436e-03
6.489874878000000535e+02,1.540861755886690254e+01,5.175714519863475714e-03
6.479628906000000370e+02,1.543298257519070305e+01,5.164951846189767652e-03
6.469379883000000291e+02,1.545743205817552024e+01,5.437613621735589223e-03
6.460592650999999478e+02,1.547845614202615749e+01,3.230652335817908293e-03
6.450338134999999511e+02,1.550306323592445423e+01,5.742139475629234185e-03
6.440079955999999584e+02,1.552775752525144703e+01,4.143318575152851561e-03
6.429819336000000476e+02,1.555253651375687696e+01,5.680918211823142439e-03
6.419555663999999524e+02,1.557740211846537726e+01,3.683371631590092246e-03
6.409288940000000139e+02,1.560235479101368128e+01,3.580944473761718625e-03
6.400486449999999650e+02,1.562381246819138347e+01,4.403576791991130855e-03
6.390214233000000377e+02,1.564892761866814830e+01,3.076022989863371696e-03
6.379938353999999663e+02,1.567413264068664169e+01,4.744786162947101094e-03
6.369660033999999769e+02,1.569942500325285017e+01,4.260555485326615772e-03
6.359378662000000304e+02,1.572480666979977926e+01,1.257926088392736846e-03
6.350563353999999663e+02,1.574663449928634584e+01,2.471461435379292398e-03
6.340276489000000311e+02,1.577218283358683237e+01,5.120332267775468474e-03
6.329986572000000251e+02,1.579782182198284701e+01,2.768352064513454874e-03
6.319693604000000278e+02,1.582355194193367076e+01,4.599510716646427327e-03
6.309397582999999941e+02,1.584937368179798156e+01,4.015325536722141701e-03
6.300570067999999537e+02,1.587157970163534237e+01,2.988178509366975870e-03
6.290268555000000106e+02,1.589757243679399679e+01,3.834439517415928495e-03
6.279963989000000311e+02,1.592365818898965557e+01,5.669033252185908846e-03
6.269656371999999465e+02,1.594983744987930407e+01,2.897422830423004858e-03
6.259346312999999782e+02,1.597610916531500891e+01,4.257641265451692254e-03
6.250506592000000410e+02,1.599870322958936164e+01,5.714676936177311584e-04
6.240190430000000106e+02,1.602515197601109165e+01,4.888323865539794975e-04
6.229871825999999828e+02,1.605169460833141670e+01,2.973673118468484616e-04
6.219550170999999636e+02,1.607833319944449713e+01,2.171955739682532053e-05
6.210700683999999683e+02,1.610124285293926505e+01,4.714968281180253497e-03
6.200372925000000350e+02,1.612806216813160276e+01,4.876615316431958704e-03
6.190043335000000297e+02,1.615497575510915240e+01,3.573772463311105426e-03
6.179710082999999941e+02,1.618198890512579524e+01,3.528499602653326593e-03
6.169373779000000013e+02,1.620910056388398957e+01,2.947842400633346373e-03
6.160512085000000297e+02,1.623241682188827184e+01,3.753525370377039545e-03
6.150170898000000079e+02,1.625971077202414250e+01,2.734740612468910485e-03
6.139826659999999947e+02,1.628710475679780956e+01,2.974284862789631622e-03
6.129479370000000245e+02,1.631459932623934961e+01,4.562520068423383743e-03
6.120607909999999947e+02,1.633824637526895529e+01,3.902130670949471511e-03
6.110255736999999954e+02,1.636592710751216018e+01,4.953069770964682768e-03
6.099899901999999656e+02,1.639371163569628109e+01,3.212275583916179844e-03
6.089541626000000178e+02,1.642159724683356714e+01,9.345023041121241873e-04
6.080661010999998553e+02,1.644558047539545953e+01,4.135472890202892583e-03
6.070297240999999531e+02,1.647365788360082917e+01,4.099383495784660568e-03
6.059931030000000192e+02,1.650183797553880538e+01,7.078935905325915538e-03
6.049561767999999802e+02,1.653012297997582891e+01,2.045996106287527403e-03
6.040671386999999868e+02,1.655445125109898541e+01,1.671653476713373361e-03
6.030296630999998797e+02,1.658293217052194635e+01,1.686886289437215152e-03
6.019918823000000430e+02,1.661151967995565570e+01,2.207080111138495261e-03
6.009538574000000608e+02,1.664021268332406223e+01,6.036597477744973239e-03
6.000639038000000482e+02,1.666489175015096080e+01,7.692175293253485178e-04
5.990253295999999636e+02,1.669378489667125365e+01,5.689664394572330197e-03
5.979865112000001091e+02,1.672278523462453492e+01,3.356377136059825097e-03
5.969473877000000357e+02,1.675189506822260910e+01,2.079153282015985902e-03
5.960564574999999650e+02,1.677693425542663519e+01,4.273781751107845993e-03
5.950167847000000165e+02,1.680624859186430342e+01,5.566327662864150108e-03
5.939768676999999570e+02,1.683567247108805276e+01,6.323677287484629622e-03
5.929366455000000542e+02,1.686520824086930048e+01,3.506311407083318246e-03
5.920448608000000377e+02,1.689061194870859950e+01,7.300809805328060433e-03
5.910040893999999980e+02,1.692035669355894711e+01,3.503846051251099415e-03
5.899630736999999954e+02,1.695021340451735625e+01,3.538809131424337524e-03
5.890705566000000317e+02,1.697589514186219617e+01,7.585742216672968982e-03
5.880290526999999656e+02,1.700596246747316798e+01,5.307334724304027702e-03
5.869872437000000218e+02,1.703614534613437570e+01,2.589766758766311790e-03
5.859451904000000013e+02,1.706644267047131791e+01,6.214674003844442886e-03
5.850517578000000185e+02,1.709250483684300193e+01,5.956308921001341600e-03
5.840091552999999749e+02,1.712301923565409467e+01,4.767878381170745708e-03
5.829662475999999742e+02,1.715365176143346915e+01,5.003292223531599810e-03
5.820721436000000040e+02,1.718000098433159195e+01,6.113523705711564754e-03
5.810288086000000476e+02,1.721085056710903771e+01,5.348817035246463368e-03
5.799851073999999471e+02,1.724182202682537479e+01,6.568609671772495696e-03
5.789412231000000020e+02,1.727291061854945653e+01,6.690408735698837907e-03
5.780462036000001262e+02,1.729965517932864216e+01,6.061043588654082409e-03
5.770017699999999650e+02,1.733096936600385263e+01,2.750425940379126917e-03
5.759570313000001534e+02,1.736240631949378255e+01,4.181650025227837478e-03
5.750614014000000225e+02,1.738944741492781887e+01,2.848796703540242350e-03
5.740161742999999888e+02,1.742111189148072015e+01,5.636517149297257459e-03
5.729707031000000370e+02,1.745289932957481227e+01,6.472832653913538313e-03
5.720743407999999590e+02,1.748024563733413572e+01,5.697288793920056438e-03
5.710283812999999782e+02,1.751226441185647786e+01,4.408284454328638240e-03
5.699821167000000059e+02,1.754441009113856609e+01,5.379312618929129111e-03
5.689356079000000364e+02,1.757668154558128393e+01,5.418105269604748565e-03
5.680383301000001666e+02,1.760444580956280447e+01,5.753352272778288444e-03
5.669913330000000542e+02,1.763695389678910530e+01,3.834439517415928495e-03
5.659440307999999504e+02,1.766959178960564003e+01,3.515948772501154701e-03
5.650461426000000529e+02,1.769766970532009509e+01,6.325695792982379516e-03
5.639983521000000337e+02,1.773054825916750943e+01,6.731906655475085842e-03
5.629503174000000172e+02,1.776355690886763838e+01,4.851504594440553611e-03
5.620517578000000185e+02,1.779195574290578108e+01,4.898363207949253499e-03
5.610032349000000522e+02,1.782520915727432609e+01,1.742441869212629129e-03
5.599544067000000496e+02,1.785859684350618437e+01,4.724384613574380415e-03
5.590552367999999888e+02,1.788732014610832621e+01,1.854675691864780818e-03
5.580059204000000364e+02,1.792095681141092101e+01,8.940253050015865149e-03
5.569563599000000522e+02,1.795472808999877756e+01,6.608311631085869720e-03
5.560565186000000040e+02,1.798378342039276134e+01,4.610271375746904064e-03
5.550064697000000251e+02,1.801780798232017489e+01,6.871208153440983186e-03
5.539561767999999802e+02,1.805196948568441329e+01,5.516097154599296226e-03
5.530557251000000178e+02,1.808136060465130157e+01,5.825563285271498012e-03
5.520049437999999782e+02,1.811577978117376375e+01,5.815247210218731262e-03
5.509538573999999471e+02,1.815034029744502675e+01,5.729132732590536473e-03
5.500527343999999630e+02,1.818007506299926845e+01,5.547715528537542663e-03
5.490012206999999762e+02,1.821489574695220881e+01,5.667911972211505181e-03
5.479494018999999980e+02,1.824986023403851831e+01,8.536047603052380334e-03
5.470476684999999861e+02,1.827994263721096502e+01,7.884159689907200771e-03
5.459953613000000132e+02,1.831517391684477758e+01,6.875694279327721446e-03
5.449428711000000476e+02,1.835054742493354851e+01,5.619249845969052394e-03
5.440404663000000482e+02,1.838098564250127609e+01,4.921905045356191749e-03
5.429874878000000535e+02,1.841663063087620245e+01,4.726626669231135183e-03
5.419342040999999881e+02,1.845242452745196715e+01,6.894313462498150025e-03
5.410311890000000403e+02,1.848322278514704919e+01,5.632928752360924149e-03
5.399774169999999458e+02,1.851929300221086905e+01,8.027093892445583481e-03
5.390740356000000020e+02,1.855032767228308899e+01,6.254147880425292398e-03
5.380198364000000311e+02,1.858667529233128235e+01,7.329077431041612807e-03
5.369653319999999894e+02,1.862317621652341515e+01,4.328030135814985198e-03
5.360613402999999835e+02,1.865458157158586872e+01,6.172508954985609850e-03
5.350063476999999921e+02,1.869136701459738603e+01,6.079433683102863743e-03
5.339511718999999630e+02,1.872830424627821699e+01,6.659004849367540328e-03
5.330465087999999696e+02,1.876008910087809767e+01,5.406893480174806456e-03
5.319908447000000251e+02,1.879731596817083172e+01,5.945319675741282499e-03
5.309349365000000489e+02,1.883469953196421187e+01,5.894636024303722202e-03
5.300296630999999934e+02,1.886686858526503485e+01,6.241139627105419391e-03
5.289733275999999478e+02,1.890454485743337543e+01,6.848551457577986383e-03
5.280676270000000159e+02,1.893696846521515553e+01,7.675040785679477368e-03
5.270108032000000549e+02,1.897494309277946556e+01,6.201217138195393684e-03
5.259537354000000278e+02,1.901307914924259990e+01,6.814903501881699154e-03
5.250474242999999888e+02,1.904589859350729952e+01,7.460324546726775780e-03
5.239899292000000059e+02,1.908433624910972881e+01,6.899472758592181502e-03
5.229321288999999524e+02,1.912294052582929993e+01,8.252614091280795552e-03
5.220252074999999650e+02,1.915616306708713878e+01,6.497505840701053685e-03
5.209669800000000350e+02,1.919507451316779978e+01,7.600101846408006782e-03
5.200596924000000172e+02,1.922856192498105443e+01,7.801138675541777895e-03
5.190009765999999445e+02,1.926778647992239968e+01,7.558818415103702414e-03
5.179420165999999881e+02,1.930718049414954507e+01,6.870759541111807860e-03
5.170341796999999815e+02,1.934108109796981978e+01,8.018567233303923805e-03
5.159747313999999960e+02,1.938079404172930964e+01,6.874572999353318649e-03
5.150665282999999590e+02,1.941496768001105622e+01,6.230149878418299834e-03
5.140066527999999835e+02,1.945500110849927111e+01,6.053418182452239595e-03
5.129465331999999762e+02,1.949520925234708457e+01,5.345677754931357946e-03
5.120376586999999518e+02,1.952981354025553173e+01,7.524491247210419141e-03
5.109771423000000823e+02,1.957034703154861432e+01,8.603150172504472892e-03
5.100679015999999706e+02,1.960523288885975290e+01,4.719676446944820469e-03
5.090068970000000377e+02,1.964609921582260910e+01,6.980230066477335384e-03
5.079456482000000506e+02,1.968714573190431238e+01,7.236198017369649231e-03
5.070358276000000046e+02,1.972247217190535196e+01,7.579235572445239787e-03
5.059741516000000274e+02,1.976385546253268188e+01,6.759721640577995815e-03
5.050639343000000849e+02,1.979947353370149088e+01,6.334667540463801740e-03
5.040018310999999471e+02,1.984119775552141007e+01,7.050669789893541060e-03
5.029394530999999233e+02,1.988310906683172874e+01,7.650135488742965117e-03
5.020286560000000122e+02,1.991918166519960565e+01,7.143545176149032269e-03
5.009658507999999415e+02,1.996144045353759822e+01,6.968116520680518559e-03
5.000546874999999432e+02,1.999781273923164804e+01,7.200302971746017425e-03
4.989914551000000529e+02,2.004042333349367055e+01,7.541991164114679805e-03
4.979279784999999947e+02,2.008322575109123065e+01,7.396158853962244567e-03
4.970162354000000846e+02,2.012006708785271769e+01,8.905015569225693123e-03
4.959523315000000139e+02,2.016322812669346121e+01,8.292109618685161027e-03
4.950401916999999798e+02,2.020038002502252183e+01,6.389843359777803988e-03
4.939758605999999759e+02,2.024390420182406913e+01,7.041921090009057964e-03
4.930633545000000026e+02,2.028136933871446246e+01,6.285099629573007163e-03
4.919985962000000086e+02,2.032526124512547838e+01,6.911810358840057497e-03
4.909335631999999805e+02,2.036935493841175671e+01,9.142259610279399734e-03
4.900205078000000753e+02,2.040730916527571281e+01,6.539225801220124173e-03
4.889550780999999802e+02,2.045177654940894740e+01,7.809216218927204391e-03
4.880416564999999878e+02,2.049005421323087361e+01,7.601672242138644495e-03
4.869757690000000139e+02,2.053490263085348744e+01,7.365871213334761712e-03
4.860619811999999911e+02,2.057350787920460533e+01,8.106080414680793059e-03
4.849956970000000638e+02,2.061873963388998732e+01,9.519817171761695007e-03
4.839291686999999342e+02,2.066418113804430590e+01,8.249696850843517976e-03
4.830148314999999570e+02,2.070329801042558771e+01,9.156625282004138625e-03
4.819478760000000079e+02,2.074913180030281978e+01,9.543163151822844567e-03
4.810331726000000003e+02,2.078858708631189245e+01,1.218669342843392220e-02
4.799657898000000387e+02,2.083481825687402278e+01,1.148094079044023781e-02
4.790507202000000007e+02,2.087461635758542755e+01,1.120334880925202316e-02
4.779829101999999921e+02,2.092125008363949590e+01,1.193959803778249333e-02
4.770674743999999805e+02,2.096139547676528991e+01,9.581998596393460216e-03
4.759992675999999960e+02,2.100843568608885903e+01,1.132484879339061036e-02
4.749308472000000165e+02,2.105569696926605516e+01,1.117303045092399305e-02
4.740148621000000162e+02,2.109638494391840524e+01,1.290560939517652016e-02
4.729460144000000241e+02,2.114406231477907028e+01,9.816143135654670920e-03
4.720296630999999934e+02,2.118510928810312777e+01,1.058175910697257277e-02
4.709604186999999911e+02,2.123320687458867440e+01,1.277754284515027032e-02
4.700437011999999868e+02,2.127461760357698495e+01,1.083999379009747965e-02
4.689740294999999151e+02,2.132314237242853849e+01,1.081596608156903429e-02
4.680570068000000674e+02,2.136491891953020783e+01,1.106096693885687612e-02
4.669869080000000281e+02,2.141387655347288543e+01,1.067404842801190044e-02
4.660695190000000139e+02,2.145602660619391244e+01,9.431597081049640854e-03
4.649990233999999987e+02,2.150542151009601355e+01,1.407728870669396580e-02
4.639282837000000086e+02,2.155505570871060783e+01,1.112025428069607531e-02
4.630103760000000079e+02,2.159778812386701219e+01,1.398941201032577637e-02
4.619392394999999851e+02,2.164786869118097457e+01,1.284562017913772058e-02
4.610209656000000109e+02,2.169098749551532279e+01,1.286808805957879130e-02
4.599494323999999779e+02,2.174152047067511617e+01,1.229272509718949344e-02
4.590308228000000099e+02,2.178502946491025938e+01,1.294133425736937633e-02
4.579588927999999441e+02,2.183602099930660145e+01,1.336174413560543839e-02
4.570399170000000026e+02,2.187992695613936789e+01,1.395367707094179351e-02
4.559675902999999835e+02,2.193138331042472799e+01,1.262139647451829792e-02
4.550482788000000482e+02,2.197569019790785205e+01,1.305233036567234224e-02
4.539755248999999253e+02,2.202761922507334091e+01,1.261196100584096799e-02
4.530558776999999964e+02,2.207233255810820793e+01,1.305839746617791508e-02
4.519827576000000136e+02,2.212473779552868436e+01,1.144051329672048437e-02
4.510627746999999772e+02,2.216986317846991383e+01,1.280719961209336212e-02
4.499892272999999818e+02,2.222275422014308432e+01,1.150519809457736797e-02
4.490689087000000086e+02,2.226829737322226777e+01,1.080833110852308029e-02
4.479949950999999828e+02,2.232167794144180561e+01,1.236281539551706277e-02
4.470743102999999792e+02,2.236764620469851295e+01,1.334196893253355824e-02
4.460000000000000000e+02,2.242152466367712904e+01,1.465022786674328656e-02
4.449255066000000056e+02,2.247567256014897197e+01,1.477903353765154179e-02
4.440043029999999931e+02,2.252230424892976757e+01,1.187221048536529072e-02
4.429294128000000228e+02,2.257696082268393312e+01,1.313322060165592053e-02
4.420078735000000165e+02,2.262403137938672870e+01,1.235337992683973110e-02
4.409325867000000017e+02,2.267920380945616188e+01,1.671186788584798008e-02
4.400107421999999815e+02,2.272671787511646002e+01,1.450951355955612011e-02
4.389350585999999907e+02,2.278241348935621247e+01,1.349926830682960169e-02
4.380128783999999200e+02,2.283037895262031469e+01,1.388198365152976989e-02
4.369367980999999759e+02,2.288660521037493467e+01,1.400536871915556911e-02
4.360143127000000050e+02,2.293502692165178658e+01,1.532375088817464898e-02
4.349378661999999736e+02,2.299178980981536924e+01,1.522954929685694028e-02
4.340150145999999722e+02,2.304067754249532385e+01,1.349050449807838621e-02
4.329382019000000241e+02,2.309798478423439860e+01,1.593240886410214607e-02
4.320150145999999154e+02,2.314734363864399214e+01,1.619640752755347607e-02
4.309378052000000139e+02,2.320520474029647673e+01,1.586607361263733112e-02
4.300143433000000641e+02,2.325503824653469209e+01,1.341971937526002974e-02
4.289367371000000162e+02,2.331346125213950415e+01,1.351050426248836395e-02
4.280129395000000159e+02,2.336377963638643607e+01,1.543414280615733672e-02
4.269349669999999719e+02,2.342277108447760625e+01,1.294313172551844054e-02
4.260108643000000370e+02,2.347357975583910417e+01,1.617302026993347117e-02
4.249325256000000195e+02,2.353314796479773108e+01,1.481252793252494163e-02
4.240080565999999749e+02,2.358445752231020265e+01,1.456008946808812210e-02
4.229293518000000063e+02,2.364461099103124297e+01,1.439824959691797870e-02
4.220046082000000069e+02,2.369642370175425938e+01,1.528800386481126219e-02
4.209255066000000056e+02,2.375717280897132611e+01,1.600211650596522484e-02
4.200004271999999901e+02,2.380949959186136766e+01,1.553891674631064507e-02
4.190751953000000185e+02,2.386206607346774433e+01,1.751128438240084906e-02
4.179956055000000106e+02,2.392369648967517648e+01,1.511241862709251059e-02
4.170700684000000251e+02,2.397678653460522469e+01,1.578692446443219488e-02
4.159900817999999845e+02,2.403903467296560947e+01,1.886712947390891543e-02
4.150642090000000053e+02,2.409265791452521910e+01,1.531678152874013481e-02
4.139838867000000278e+02,2.415552952969558120e+01,1.919592672530235841e-02
4.130577086999999779e+02,2.420969222792766828e+01,1.930958328991275175e-02
4.119769896999999901e+02,2.427320032432384167e+01,1.864952368127718862e-02
4.110505370999999855e+02,2.432790885167292672e+01,2.314284111005223549e-02
4.099694519000000241e+02,2.439206129543331159e+01,2.475946352003095471e-02
4.090426636000000258e+02,2.444732760145267036e+01,2.588186091220682009e-02
4.079612427000000139e+02,2.451213241193512005e+01,2.814887385295853153e-02
4.070341492000000017e+02,2.456796320322108329e+01,2.802953384770119627e-02
4.059523621000000162e+02,2.463343222901768925e+01,3.262850431964377240e-02
4.050249633999999901e+02,2.468983619195853407e+01,4.083072677918601207e-02
4.039428406000000109e+02,2.475597781395608621e+01,4.710566340061701773e-02
4.030151367000000278e+02,2.481296380548576863e+01,5.535958657352007400e-02
4.019326477000000182e+02,2.487979032612433272e+01,6.503777554896260360e-02
4.010046386999999868e+02,2.493736738911195161e+01,8.408181445540423293e-02
4.000765076000000136e+02,2.499521918942085819e+01,9.891924720133350724e-02
3.989934997999999950e+02,2.506306494971124366e+01,1.190088725628358768e-01
3.980650635000000079e+02,2.512152137159356613e+01,1.410189261430621621e-01
3.969816895000000159e+02,2.519007869757176721e+01,1.608571432318092465e-01
3.960529480000000149e+02,2.524914926273948623e+01,1.933530535919261995e-01
3.949692688000000089e+02,2.531842548252452829e+01,2.175385689439525427e-01
3.940402222000000165e+02,2.537811988879748171e+01,2.405248679308848170e-01
3.929561767999999802e+02,2.544813032698459665e+01,2.626718878384441958e-01
3.920268249999999739e+02,2.550845850918492630e+01,2.768795350203748784e-01
3.909424437999999782e+02,2.557921289589073766e+01,3.079228873059377536e-01
3.900128174000000172e+02,2.564018297312502526e+01,3.273275684084324677e-01
3.889281005999999934e+02,2.571169320132174718e+01,3.514442058563483351e-01
3.879981688999999960e+02,2.577331750907652363e+01,3.683190787096598529e-01
3.870681152000000225e+02,2.583524606472158069e+01,3.885558046792901843e-01
3.859828795999999898e+02,2.590788485324311452e+01,4.139511379474755670e-01
3.850525513000000046e+02,2.597048108430492164e+01,4.285289534023571933e-01
3.839669799999999782e+02,2.604390617130671259e+01,4.513372816685068956e-01
3.830363464000000135e+02,2.610718302319312301e+01,4.726150223094566227e-01
3.819504395000000159e+02,2.618140723464201969e+01,4.929902452149781400e-01
3.810195006999999805e+02,2.624537584461749873e+01,5.123503289080140188e-01
3.799332886000000258e+02,2.632041018792686771e+01,5.341661066127135760e-01
3.790020751999999788e+02,2.638507980391132435e+01,5.531029336599443402e-01
3.780707396999999901e+02,2.645007653312452334e+01,5.769048757393325788e-01
3.769840088000000264e+02,2.652632410544836716e+01,6.045770622864816701e-01
3.760523987000000261e+02,2.659203886099290770e+01,6.299941141937853706e-01
3.749653319999999894e+02,2.666913217459794438e+01,6.578303187472297475e-01
3.740334472999999775e+02,2.673557691748173326e+01,6.885812098403715220e-01
3.729460449000000040e+02,2.681353009838555224e+01,7.153542297290151897e-01
3.720138549999999782e+02,2.688071926783479881e+01,7.450995520867598199e-01
3.709261475000000132e+02,2.695954455462053900e+01,7.708451556301416652e-01
3.699937133999999901e+02,2.702748624593252558e+01,7.936295417011633990e-01
3.690610962000000086e+02,2.709578468975457355e+01,8.182769658251862754e-01
3.679729308999999944e+02,2.717591203119664200e+01,8.385997287766825403e-01
3.670400695999999812e+02,2.724498175607364558e+01,8.526868436702712550e-01
3.659515685999999732e+02,2.732602032082122179e+01,8.699841354217819900e-01
3.650184021000000030e+02,2.739587906381884963e+01,8.838842244814887339e-01
3.639295958999999812e+02,2.747784217788042938e+01,9.016320662373548123e-01
3.629961852999999792e+02,2.754849886848108653e+01,9.155010915985378750e-01
3.620626220999999987e+02,2.761953151087230296e+01,9.200050450311265671e-01
3.609733582000000069e+02,2.770287549714243625e+01,9.353901254104100005e-01
3.600395202999999924e+02,2.777472870663637750e+01,9.401992360852488018e-01
3.589499207000000069e+02,2.785903944622322825e+01,9.503337426437521440e-01
3.580158385999999950e+02,2.793172514127982708e+01,9.587814104468854737e-01
3.569259337999999957e+02,2.801701712603322392e+01,9.682999964886396249e-01
3.559915770999999722e+02,2.809055225818150703e+01,9.704665155966832879e-01
3.550570983999999726e+02,2.816448409301820988e+01,9.766142578511426420e-01
3.539667357999999808e+02,2.825124224568449094e+01,9.826796361517780021e-01
3.530319824000000040e+02,2.832604551014752303e+01,9.983900463204620213e-01
3.519413147000000208e+02,2.841382805120264976e+01,9.956046406279972505e-01
3.510062866000000099e+02,2.848951822733535977e+01,9.951622112827003264e-01
3.500711670000000026e+02,2.856562020144892244e+01,9.951537040574002235e-01
3.489800415000000271e+02,2.865493383810030537e+01,1.000000000000000000e+00
3.480446471999999858e+02,2.873194597431521657e+01,9.971579457884797160e-01
3.469532166000000188e+02,2.882232970195786237e+01,9.877765678401463356e-01
3.460175476000000003e+02,2.890026840939323449e+01,9.814387066163752227e-01
3.449258118000000195e+02,2.899174158006576718e+01,9.799564227309814912e-01
3.439898987000000261e+02,2.907062107867645651e+01,9.687201911388330089e-01
3.430538634999999772e+02,2.914994134733014164e+01,9.584418385156885378e-01
3.419617003999999838e+02,2.924304092622882578e+01,9.478635480298019944e-01
3.410254211000000168e+02,2.932332718113605452e+01,9.370710363554106692e-01
3.399329223999999954e+02,2.941756841143198642e+01,9.272539310426270998e-01
3.389963988999999742e+02,2.949883843146630014e+01,9.144352647201731132e-01
3.380597228999999970e+02,2.958057207825984491e+01,8.923275093552274218e-01
3.369667969000000198e+02,2.967651439844279793e+01,8.839386179587181980e-01
3.360299072000000251e+02,2.975925590470775717e+01,8.676251765629847679e-01
3.349366759999999772e+02,2.985638992846516615e+01,8.516274614367563833e-01
3.339995117000000278e+02,2.994016353228099447e+01,8.349203767567145995e-01
3.330622559000000251e+02,3.002441682555119939e+01,8.216220949562077491e-01
3.319685974000000215e+02,3.012333117746877420e+01,7.946591492516240640e-01
3.310310668999999848e+02,3.020864504847475374e+01,7.862660685980886743e-01
3.299371338000000264e+02,3.030880424045194133e+01,7.615777849672697997e-01
3.289993590999999924e+02,3.039519598869638273e+01,7.478079433866481329e-01
3.280614623999999822e+02,3.048209297990375788e+01,7.267577655297606798e-01
3.269671326000000136e+02,3.058411382355560804e+01,7.016078468978458327e-01
3.260289917000000059e+02,3.067211890530776941e+01,6.951481161900449068e-01
3.249343567000000235e+02,3.077544677503165005e+01,6.675921278740575282e-01
3.239959716999999841e+02,3.086458127096522830e+01,6.533864946598610945e-01
3.230574646000000030e+02,3.095424528382805818e+01,6.350744182572933827e-01
3.219624329000000102e+02,3.105952427408185201e+01,6.074507604351359058e-01
3.210236815999999749e+02,3.115034987499813468e+01,5.864390575534750294e-01
3.199283447000000251e+02,3.125699915516113236e+01,5.654153674853441558e-01
3.189893799000000172e+02,3.134900604883742403e+01,5.554894114679739259e-01
3.180502930000000106e+02,3.144156826794685600e+01,5.348308466657556437e-01
3.169545593000000281e+02,3.155026393084606084e+01,5.047906464927078840e-01
3.160152282999999898e+02,3.164404466770438873e+01,4.947198776923441566e-01
3.150757750999999871e+02,3.173839688826016925e+01,4.796923823315239477e-01
3.139796448000000169e+02,3.184919839746248371e+01,4.584065212910141685e-01
3.130399780000000192e+02,3.194480163169446385e+01,4.430952650299450069e-01
3.119435424999999782e+02,3.205708289345339068e+01,4.192635806183136471e-01
3.110036316000000056e+02,3.215396536867963562e+01,4.027891501690894493e-01
3.100636291999999798e+02,3.225144473023539149e+01,3.908148704616697389e-01
3.089668273999999997e+02,3.236593418183896631e+01,3.733857843606107618e-01
3.080265807999999765e+02,3.246473071910942565e+01,3.614943515336937474e-01
3.069294739000000618e+02,3.258077457643600638e+01,3.396498626572268531e-01
3.059890136999999868e+02,3.268091190294914838e+01,3.287491757528028247e-01
3.050484314000000268e+02,3.278167979460064174e+01,3.130467253541172612e-01
3.039509277000000225e+02,3.290004763489326933e+01,2.994304935550964886e-01
3.030101318000000106e+02,3.300219679320967003e+01,2.879801046975697387e-01
3.020692138999999656e+02,3.310499560974955813e+01,2.748172907936500264e-01
3.009713439999999878e+02,3.322575454226632274e+01,2.626243420072102985e-01
3.000302123999999822e+02,3.332997673803600236e+01,2.503559417010636778e-01
2.989320678999999927e+02,3.345241636419295617e+01,2.383593793778205072e-01
2.979906920999999898e+02,3.355809515232841989e+01,2.282048293294127173e-01
2.970492249000000129e+02,3.366445410980770703e+01,2.189666693728898605e-01
2.959507141000000274e+02,3.378940993742984489e+01,2.092878520132183950e-01
2.950090331999999762e+02,3.389726711595487529e+01,1.997781761979101900e-01
2.940672301999999831e+02,3.400582918810380306e+01,1.923878125644318537e-01
2.929683228000000668e+02,3.413338310581337254e+01,1.802274417366694637e-01
2.920263062000000218e+02,3.424349035580137723e+01,1.749722765227124943e-01
2.909271850999999742e+02,3.437286204987242400e+01,1.669171727496926161e-01
2.899849242999999888e+02,3.448455130603491625e+01,1.568535092773190587e-01
2.890426024999999868e+02,3.459697606341612186e+01,1.557239763861292814e-01
2.879430846999999858e+02,3.472908547332792040e+01,1.495097570210338067e-01
2.870005188000000089e+02,3.484314259016593951e+01,1.438294661666906227e-01
2.860578917999999931e+02,3.495795881412561101e+01,1.396433823745851233e-01
2.849580078000000185e+02,3.509288992158653997e+01,1.319425929876357761e-01
2.840151367000000278e+02,3.520939100708148572e+01,1.286063334282976645e-01
2.830721740999999838e+02,3.532667960669045470e+01,1.267883117018078487e-01
2.819719238000000132e+02,3.546452379100305308e+01,1.252431671631503984e-01
2.810287475999999742e+02,3.558354825049222114e+01,1.217872615027932037e-01
2.799282531999999719e+02,3.572343943737366345e+01,1.202499553753432066e-01
2.789848632999999722e+02,3.584423857880321407e+01,1.210821210822728977e-01
2.780413818000000106e+02,3.596586930787580627e+01,1.121282777852521950e-01
2.769405211999999779e+02,3.610883649914934068e+01,1.221256492559082557e-01
2.759968261999999868e+02,3.623230070317381291e+01,1.298735415101793522e-01
2.750530395999999769e+02,3.635662421525190524e+01,1.227074458950115632e-01
2.739518433000000073e+02,3.650276588593408178e+01,1.389571814509189540e-01
2.730078429999999798e+02,3.662898431822708289e+01,1.420298763580202239e-01
2.720637512000000129e+02,3.675609101136292622e+01,1.563983030051659673e-01
2.709621887000000129e+02,3.690551824952837023e+01,1.706766003793532271e-01
2.700179137999999739e+02,3.703457988867700124e+01,2.099929360360681674e-01
2.690735167999999931e+02,3.716456423852709889e+01,1.793219432286551340e-01
2.679716187000000218e+02,3.731738476079145528e+01,1.867221511966221659e-01
2.670270386000000258e+02,3.744939108949095896e+01,2.076390684510273921e-01
2.659248961999999779e+02,3.760460243812253367e+01,1.918604093160585777e-01
2.649801024999999868e+02,3.773868266203120214e+01,2.457994640453250723e-01
2.640352477999999792e+02,3.787373119052175241e+01,2.594876833187899079e-01
2.629327698000000169e+02,3.803253587449942330e+01,3.046539669111995030e-01
2.619877013999999917e+02,3.816973066507464551e+01,2.965825419810290131e-01
2.610425109999999904e+02,3.830793674827928896e+01,3.317693300883497454e-01
2.599396972999999775e+02,3.847046104873648176e+01,3.455285379400943602e-01
2.589943541999999752e+02,3.861088026759774294e+01,3.613592702898478226e-01
2.580488892000000192e+02,3.875234662316074008e+01,3.849420921088519965e-01
2.569457702999999924e+02,3.891871809496760903e+01,4.073231035294165858e-01
2.560001220999999987e+02,3.906248136902743795e+01,4.021897594462720549e-01
2.550543822999999577e+02,3.920732476667585331e+01,4.213921731579269858e-01
2.539509125000000154e+02,3.937768878857641397e+01,4.265362799406950955e-01
2.530049895999999876e+02,3.952491219959718904e+01,4.369825499673543612e-01
2.520589751999999919e+02,3.967325500734639121e+01,4.459758269135009057e-01
2.509551848999999777e+02,3.984775211552124574e+01,4.288301149734502493e-01
2.500089721999999597e+02,3.999856449951839465e+01,4.329714562964443458e-01
