# wavelength / nm
2.929808427568142406e+02
2.939280222874658079e+02
2.948752018181173753e+02
2.958223813487688858e+02
2.967695608794204531e+02
2.977167404100720205e+02
2.986639199407235878e+02
2.996110994713751552e+02
3.005582790020267225e+02
3.015054585326782330e+02
3.024526380633298004e+02
3.033998175939813677e+02
3.043469971246329351e+02
3.052941766552845024e+02
3.062413561859360698e+02
3.071885357165875803e+02
3.081357152472391476e+02
3.090828947778907150e+02
3.100300743085422823e+02
3.109772538391938497e+02
3.119244333698454170e+02
3.128716129004969275e+02
3.138187924311484949e+02
3.147659719618000622e+02
3.157131514924516296e+02
3.166603310231031969e+02
3.176075105537547643e+02
3.185546900844062748e+02
3.195018696150578421e+02
3.204490491457094095e+02
3.213962286763609768e+02
3.223434082070125442e+02
3.232905877376640547e+02
3.242377672683156220e+02
3.251849467989671894e+02
3.261321263296187567e+02
3.270793058602703240e+02
3.280264853909218914e+02
3.289736649215734587e+02
3.299208444522249692e+02
3.308680239828765366e+02
3.318152035135281039e+02
3.327623830441796713e+02
3.337095625748312386e+02
3.346567421054827491e+02
3.356039216361343165e+02
3.365511011667858838e+02
3.374982806974374512e+02
3.384454602280890185e+02
3.393926397587405859e+02
3.403398192893920964e+02
3.412869988200436637e+02
3.422341783506952311e+02
3.431813578813467984e+02
3.441285374119983658e+02
3.450757169426499331e+02
3.460228964733014436e+02
3.469700760039530110e+02
3.479172555346045783e+02
3.488644350652561457e+02
3.498116145959077130e+02
3.507587941265592235e+02
3.517059736572107909e+02
3.526531531878623582e+02
3.536003327185139256e+02
3.545475122491654929e+02
3.554946917798170603e+02
3.564418713104686276e+02
3.573890508411201381e+02
3.583362303717717054e+02
3.592834099024232728e+02
3.602305894330748401e+02
3.611777689637264075e+02
3.621249484943779180e+02
3.630721280250294853e+02
3.640193075556810527e+02
3.649664870863326200e+02
3.659136666169841874e+02
3.668608461476356979e+02
3.678080256782873221e+02
3.687552052089388326e+02
3.697023847395903999e+02
3.706495642702419673e+02
3.715967438008935346e+02
3.725439233315451020e+02
3.734911028621966125e+02
3.744382823928481798e+02
3.753854619234997472e+02
3.763326414541513145e+02
3.772798209848028819e+02
3.782270005154543924e+02
3.791741800461059597e+02
3.801213595767575271e+02
3.810685391074090944e+02
3.820157186380606618e+02
3.829628981687122291e+02
3.839100776993637965e+02
3.848572572300153070e+02
3.858044367606668743e+02
3.867516162913184417e+02
3.876987958219700090e+02
3.886459753526215763e+02
3.895931548832730869e+02
3.905403344139246542e+02
3.914875139445762215e+02
3.924346934752277889e+02
3.933818730058793562e+02
3.943290525365308667e+02
3.952762320671824909e+02
3.962234115978340014e+02
3.971705911284855688e+02
3.981177706591371361e+02
3.990649501897887035e+02
4.000121297204402708e+02
4.009593092510917813e+02
4.019064887817433487e+02
4.028536683123949160e+02
4.038008478430464834e+02
4.047480273736980507e+02
4.056952069043495612e+02
4.066423864350011854e+02
4.075895659656526959e+02
4.085367454963042633e+02
4.094839250269558306e+02
4.104311045576073980e+02
4.113782840882589653e+02
4.123254636189104758e+02
4.132726431495620432e+02
4.142198226802136105e+02
4.151670022108651779e+02
4.161141817415167452e+02
4.170613612721682557e+02
4.180085408028198231e+02
4.189557203334713904e+02
4.199028998641229578e+02
4.208500793947745251e+02
4.217972589254260356e+02
4.227444384560776598e+02
4.236916179867291703e+02
4.246387975173807376e+02
4.255859770480323050e+02
4.265331565786838723e+02
4.274803361093354397e+02
4.284275156399869502e+02
4.293746951706385175e+02
4.303218747012900849e+02
4.312690542319416522e+02
4.322162337625932196e+02
4.331634132932447301e+02
4.341105928238963543e+02
4.350577723545478648e+02
4.360049518851994321e+02
4.369521314158509995e+02
4.378993109465025100e+02
4.388464904771541342e+02
4.397936700078056447e+02
4.407408495384572120e+02
4.416880290691087794e+02
4.426352085997603467e+02
4.435823881304119141e+02
4.445295676610634246e+02
4.454767471917150488e+02
4.464239267223665593e+02
4.473711062530181266e+02
4.483182857836696940e+02
4.492654653143212045e+02
4.502126448449728287e+02
4.511598243756243392e+02
4.521070039062759065e+02
4.530541834369274738e+02
4.540013629675790412e+02
4.549485424982306085e+02
4.558957220288821190e+02
4.568429015595337432e+02
4.577900810901852537e+02
4.587372606208368211e+02
4.596844401514883884e+02
4.606316196821398989e+02
4.615787992127915231e+02
4.625259787434430336e+02
4.634731582740946010e+02
4.644203378047461683e+02
4.653675173353976788e+02
4.663146968660493030e+02
4.672618763967008135e+02
4.682090559273523809e+02
4.691562354580039482e+02
4.701034149886555156e+02
4.710505945193070829e+02
4.719977740499585934e+02
4.729449535806102176e+02
4.738921331112617281e+02
4.748393126419132955e+02
4.757864921725648628e+02
4.767336717032163733e+02
4.776808512338679975e+02
4.786280307645195080e+02
4.795752102951710754e+02
4.805223898258226427e+02
4.814695693564742101e+02
4.824167488871257774e+02
4.833639284177772879e+02
4.843111079484289121e+02
4.852582874790804226e+02
4.862054670097319899e+02
4.871526465403835573e+02
4.880998260710350678e+02
4.890470056016866920e+02
4.899941851323382025e+02
4.909413646629897698e+02
4.918885441936413372e+02
4.928357237242928477e+02
4.937829032549444719e+02
4.947300827855959824e+02
4.956772623162475497e+02
4.966244418468991171e+02
4.975716213775506844e+02
4.985188009082022518e+02
4.994659804388537623e+02
5.004131599695053865e+02
5.013603395001568970e+02
5.023075190308084643e+02
5.032546985614600317e+02
5.042018780921115422e+02
5.051490576227631664e+02
5.060962371534146769e+02
5.070434166840662442e+02
5.079905962147178116e+02
5.089377757453693789e+02
5.098849552760209463e+02
5.108321348066724568e+02
5.117793143373240810e+02
5.127264938679755915e+02
5.136736733986272156e+02
5.146208529292787262e+02
5.155680324599302367e+02
5.165152119905818608e+02
5.174623915212333713e+02
5.184095710518849955e+02
5.193567505825365060e+02
5.203039301131880165e+02
5.212511096438396407e+02
5.221982891744911512e+02
5.231454687051427754e+02
5.240926482357942859e+02
5.250398277664457964e+02
5.259870072970974206e+02
5.269341868277489311e+02
5.278813663584005553e+02
5.288285458890520658e+02
5.297757254197035763e+02
5.307229049503552005e+02
5.316700844810067110e+02
5.326172640116583352e+02
5.335644435423098457e+02
5.345116230729613562e+02
5.354588026036129804e+02
5.364059821342646046e+02
5.373531616649161151e+02
5.383003411955676256e+02
5.392475207262192498e+02
5.401947002568707603e+02
5.411418797875223845e+02
5.420890593181738950e+02
5.430362388488254055e+02
5.439834183794770297e+02
5.449305979101285402e+02
5.458777774407801644e+02
5.468249569714316749e+02
5.477721365020831854e+02
5.487193160327348096e+02
5.496664955633863201e+02
5.506136750940379443e+02
5.515608546246894548e+02
5.525080341553409653e+02
5.534552136859925895e+02
5.544023932166442137e+02
5.553495727472957242e+02
5.562967522779472347e+02
5.572439318085987452e+02
5.581911113392503694e+02
5.591382908699019936e+02
5.600854704005535041e+02
5.610326499312050146e+02
5.619798294618565251e+02
5.629270089925081493e+02
5.638741885231597735e+02
5.648213680538112840e+02
5.657685475844627945e+02
5.667157271151143050e+02
5.676629066457659292e+02
5.686100861764175534e+02
5.695572657070690639e+02
5.705044452377205744e+02
5.714516247683720849e+02
5.723988042990237091e+02
5.733459838296753333e+02
5.742931633603268438e+02
5.752403428909783543e+02
5.761875224216299785e+02
5.771347019522814890e+02
5.780818814829331131e+02
5.790290610135846237e+02
5.799762405442361342e+02
5.809234200748877583e+02
5.818705996055393825e+02
5.828177791361908930e+02
5.837649586668424035e+02
5.847121381974939140e+02
5.856593177281455382e+02
5.866064972587971624e+02
5.875536767894486729e+02
5.885008563201001834e+02
5.894480358507516939e+02
5.903952153814033181e+02
5.913423949120549423e+02
5.922895744427064528e+02
5.932367539733579633e+02
5.941839335040094738e+02
5.951311130346610980e+02
5.960782925653127222e+02
5.970254720959642327e+02
5.979726516266157432e+02
5.989198311572672537e+02
5.998670106879188779e+02
6.008141902185705021e+02
6.017613697492220126e+02
6.027085492798735231e+02
6.036557288105251473e+02
6.046029083411766578e+02
6.055500878718282820e+02
6.064972674024797925e+02
6.074444469331313030e+02
6.083916264637829272e+02
6.093388059944345514e+02
6.102859855250860619e+02
6.112331650557375724e+02
6.121803445863890829e+02
6.131275241170407071e+02
6.140747036476923313e+02
6.150218831783438418e+02
6.159690627089953523e+02
6.169162422396468628e+02
6.178634217702984870e+02
6.188106013009501112e+02
6.197577808316016217e+02
6.207049603622531322e+02
6.216521398929046427e+02
6.225993194235562669e+02
6.235464989542078911e+02
6.244936784848594016e+02
6.254408580155109121e+02
6.263880375461625363e+02
6.273352170768140468e+02
6.282823966074656710e+02
6.292295761381171815e+02
6.301767556687686920e+02
6.311239351994203162e+02
6.320711147300718267e+02
6.330182942607234509e+02
6.339654737913749614e+02
6.349126533220264719e+02
6.358598328526780961e+02
6.368070123833297203e+02
6.377541919139812308e+02
6.387013714446327413e+02
6.396485509752842518e+02
6.405957305059358760e+02
6.415429100365875001e+02
6.424900895672390106e+02
6.434372690978905212e+02
6.443844486285420317e+02
6.453316281591936558e+02
6.462788076898452800e+02
6.472259872204967905e+02
6.481731667511483010e+02
6.491203462817998115e+02
6.500675258124514357e+02
6.510147053431030599e+02
6.519618848737545704e+02
6.529090644044060809e+02
6.538562439350577051e+02
6.548034234657092156e+02
6.557506029963608398e+02
6.566977825270123503e+02
6.576449620576638608e+02
6.585921415883154850e+02
6.595393211189669955e+02
6.604865006496186197e+02
6.614336801802701302e+02
6.623808597109216407e+02
6.633280392415732649e+02
6.642752187722248891e+02
6.652223983028763996e+02
6.661695778335279101e+02
6.671167573641794206e+02
6.680639368948310448e+02
6.690111164254826690e+02
6.699582959561341795e+02
6.709054754867856900e+02
6.718526550174372005e+02
6.727998345480888247e+02
6.737470140787404489e+02
6.746941936093919594e+02
6.756413731400434699e+02
6.765885526706949804e+02
6.775357322013466046e+02
6.784829117319982288e+02
6.794300912626497393e+02
6.803772707933012498e+02
6.813244503239528740e+02
6.822716298546043845e+02
6.832188093852560087e+02
6.841659889159075192e+02
6.851131684465590297e+02
6.860603479772106539e+02
6.870075275078621644e+02
6.879547070385137886e+02
6.889018865691652991e+02
6.898490660998168096e+02
6.907962456304684338e+02
6.917434251611200580e+02
6.926906046917715685e+02
6.936377842224230790e+02
6.945849637530745895e+02
6.955321432837262137e+02
6.964793228143778379e+02
6.974265023450293484e+02
6.983736818756808589e+02
6.993208614063323694e+02
7.002680409369839936e+02
7.012152204676356178e+02
7.021623999982871283e+02
7.031095795289386388e+02
7.040567590595901493e+02
7.050039385902417735e+02
7.059511181208933976e+02
7.068982976515449081e+02
7.078454771821964187e+02
7.087926567128480428e+02
7.097398362434995533e+02
7.106870157741511775e+02
7.116341953048026880e+02
7.125813748354541985e+02
7.135285543661058227e+02
7.144757338967574469e+02
7.154229134274089574e+02
7.163700929580604679e+02
7.173172724887119784e+02
7.182644520193636026e+02
7.192116315500152268e+02
7.201588110806667373e+02
7.211059906113182478e+02
7.220531701419697583e+02
7.230003496726213825e+02
7.239475292032730067e+02
7.248947087339245172e+02
7.258418882645760277e+02
7.267890677952275382e+02
7.277362473258791624e+02
7.286834268565307866e+02
7.296306063871822971e+02
7.305777859178338076e+02
7.315249654484853181e+02
7.324721449791369423e+02
7.334193245097885665e+02
7.343665040404400770e+02
7.353136835710915875e+02
7.362608631017432117e+02
7.372080426323947222e+02
7.381552221630463464e+02
7.391024016936978569e+02
7.400495812243493674e+02
7.409967607550009916e+02
7.419439402856526158e+02
7.428911198163041263e+02
7.438382993469556368e+02
7.447854788776071473e+02
7.457326584082587715e+02
7.466798379389103957e+02
7.476270174695619062e+02
7.485741970002134167e+02
7.495213765308649272e+02
7.504685560615165514e+02
7.514157355921681756e+02
7.523629151228196861e+02
7.533100946534711966e+02
7.542572741841227071e+02
7.552044537147743313e+02
7.561516332454259555e+02
7.570988127760774660e+02
7.580459923067289765e+02
7.589931718373804870e+02
7.599403513680321112e+02
7.608875308986837354e+02
7.618347104293352459e+02
7.627818899599867564e+02
7.637290694906383806e+02
7.646762490212898911e+02
7.656234285519415153e+02
7.665706080825930258e+02
7.675177876132445363e+02
7.684649671438961605e+02
7.694121466745477846e+02
7.703593262051992951e+02
7.713065057358508056e+02
7.722536852665023162e+02
7.732008647971539403e+02
7.741480443278055645e+02
7.750952238584570750e+02
7.760424033891085855e+02
7.769895829197600960e+02
7.779367624504117202e+02
7.788839419810633444e+02
7.798311215117148549e+02
7.807783010423663654e+02
7.817254805730178759e+02
7.826726601036695001e+02
7.836198396343211243e+02
7.845670191649726348e+02
