Wavelength,S1 / R1,S1/R1c,S1c / R1,S1c / R1c,S1,R1
nm,Undefined / MicroAmps, ,Undefined / MicroAmps,Undefined / MicroAmps,CPS,MicroAmps
400,18.8745038917609,15.5810339455211,15.1252384520667,12.4859893063799,206,10.9134357688789
400.5,19.4150566855379,16.0272640280433,15.6953065929014,12.9565845127251,212,10.9194106224743
401,17.3980804881829,14.3622361799728,13.4892793578258,11.1354937210639,190,10.9207972069655
401.5,16.9914546905797,14.0265637622015,13.0297421245954,10.7561425459944,185.5,10.9170845665351
402,18.6419987750396,15.3890993581583,14.797017877147,12.2150409440404,203.5,10.916482613402
402.5,16.763381364687,13.838287648923,12.7494170716787,10.5247322694477,183,10.9167049125993
403,19.4660384366543,16.0693498173865,15.6470650403911,12.9167607763472,212.5,10.9164086082741
403.5,17.4452831986838,14.4012023450626,13.4521096121026,11.1048098380236,190.5,10.9198890923294
404,19.4173055301705,16.0291204648937,15.5546683114177,12.8404866353767,212,10.9181629356901
404.5,17.9939141694143,14.8541010187198,14.0065514689555,11.5625054385004,196.5,10.9205024987096
405,19.4590773315994,16.0636033768559,15.5598420144147,12.8447575631045,212.5,10.920357787404
405.5,18.7739433898815,15.4980205533627,14.8190445775412,12.2332241380739,205,10.9191665001566
406,19.4523570925265,16.058055772865,15.5435482332506,12.83130693368,212.5,10.9243746362125
406.5,19.9026532372225,16.4297783652192,16.0224455163517,13.2266399642702,217.5,10.9282642877537
407,17.909265461834,14.784222923178,13.8755909631489,11.4543966321341,195.5,10.9162208519239
407.5,20.3733151340394,16.8183130272809,16.5115878675245,13.630430369651,222.5,10.9211185845333
408,21.4713790345983,17.724772397396,17.6813942946354,14.5961136933043,234.5,10.9216714104684
408.5,21.3376226348178,17.6143555611516,17.5310133474466,14.4719731778054,233,10.9196780632738
409,23.4079665124618,19.3234387996548,19.7372390563662,16.2932278110021,255.5,10.9152818901194
409.5,26.6986804549515,22.0399459956566,23.2503447726168,19.1933209595695,291.5,10.9181371269739
410,25.8286410396109,21.3217224205044,22.3120608289615,18.418761052699,282,10.9181150291953
410.5,28.7322787766606,23.7186955227334,25.3783670954004,20.950018154805,313.5,10.9110853110839
411,29.3626955081888,24.2391089094955,26.0183958316845,21.4783663181973,320.5,10.9152003959777
411.5,33.5630538266254,27.7065338504753,30.4574340309286,25.1428231571439,366.5,10.9196988671071
412,35.2204958923421,29.0747637778293,32.1772524848712,26.56254522585,384.5,10.9167605491968
412.5,40.7616683703386,33.6490401123367,38.017416932739,31.3836415063925,445,10.9169360435839
413,41.9855645228453,34.6593748796693,39.2654127132598,32.4138706838942,458.5,10.9200625572975
413.5,49.3660675495974,40.7520313465259,47.0268288419201,38.8209735597881,539,10.9184248589114
414,52.2618537928075,43.1425229861035,50.0243887375068,41.2954800556783,570.5,10.9161704979194
414.5,59.5383666280134,49.1493348281807,57.6414555200622,47.5834215446255,650,10.9172341148769
415,65.1129425432627,53.7511859319493,63.4433977414122,52.3729651119278,711,10.9194924248436
415.5,74.8146006439067,61.7599720203591,73.5913354323922,60.7501580991942,817,10.9203171593517
416,83.3640106001535,68.8175692693446,82.5011174415148,68.1052449786926,910,10.9159843376386
416.5,94.5096319345858,78.0183570278785,94.122765577348,77.6989961652529,1032,10.9195399986968
417,107.005581747446,88.3338503161922,107.131480733136,88.4377808025766,1168,10.9152319267398
417.5,122.095075987301,100.790332527338,122.831106992539,101.397931229976,1332.5,10.9136830741801
418,139.589275347306,115.231915503033,141.015869452741,116.409578837166,1524,10.9177520103916
418.5,161.866541128499,133.621953002333,164.160107902802,135.515308291122,1767,10.9164203819559
419,191.380255311758,157.985728876119,194.813115492809,160.819578778502,2089,10.9154315055999
419.5,215.505547821648,177.901325264658,219.771646514164,181.423019340657,2352.5,10.9161677940619
420,252.0242808579,208.047792814125,257.591161172392,212.643291146064,2750,10.9116477958326
420.5,287.005758712656,236.92524554322,293.475863854434,242.266362238168,3133,10.916141390253
421,339.63889843826,280.37426764345,347.541427877379,286.897860536408,3707,10.9145242790253
421.5,391.977557246165,323.580193702518,401.084770157055,331.098261161532,4280,10.9188944969792
422,450.485546941632,371.878945222404,460.787684904904,380.383431604547,4918.5,10.9181783531708
422.5,521.566825591785,430.557034028888,533.222682018669,440.179024397105,5693,10.9150798149214
423,595.439455041602,491.539402291555,608.238859997141,502.105399906029,6501,10.9180066338081
423.5,690.630179438405,570.120005873552,704.858661183751,581.865716295336,7539,10.9159126304843
424,783.145422252943,646.491980842424,798.336878430585,659.032633340795,8548.5,10.9155228843853
424.5,908.752440323531,750.181445931243,925.307673143134,763.847905511716,9918.5,10.9143058769228
425,1038.25284792491,857.08493109658,1055.73477888193,871.516386420473,11337.5,10.9197094628104
425.5,1177.19325623733,971.78120235939,1195.8713629189,987.200109044966,12852,10.9172266716395
426,1343.33978752536,1108.93631694014,1363.28961678145,1125.40503943632,14664,10.9160060112228
426.5,1517.29459972321,1252.53722159886,1538.13509683204,1269.74119658842,16566,10.9181188042198
427,1728.23546353083,1426.67036853253,1749.99927887307,1444.6365491313,18870,10.9185393395037
427.5,1926.5584870154,1590.38740071584,1948.41513674721,1608.43021674744,21038,10.9198295433784
428,2145.43176069231,1771.06880704494,2167.02068133545,1788.89061085588,23432,10.9217171776809
428.5,2395.85340506039,1977.79361231494,2416.83387767434,1995.11313805536,26153.5,10.91599130175
429,2660.18730834129,2196.003083864,2679.91471489523,2212.28819487601,29043.5,10.9177811882485
429.5,2941.02273504102,2427.83467751046,2958.80607799441,2442.51495052906,32126.5,10.9235314660352
430,3222.84679189838,2660.48239221282,3237.81562358959,2672.83926665271,35190,10.9188781334536
430.5,3457.96233339374,2854.57190334207,3471.98747393798,2866.14975419121,37762.5,10.920429598318
431,3759.6197735107,3103.59221356241,3772.69330395535,3114.38450367048,41058,10.9207535302071
431.5,4066.53738021954,3356.95482780818,4078.25893317022,3366.6310511127,44388.5,10.9153430503985
432,4352.55064977185,3593.06076666198,4362.42636619131,3601.21323910048,47525.5,10.9189498650219
432.5,4664.13009061724,3850.27175733908,4671.82854681968,3856.62688635896,50911,10.9154029808193
433,4914.25668980938,4056.75300076883,4919.22458331568,4060.85403133383,53667,10.9207344689276
433.5,5190.84031783432,4285.07470510317,5192.76018318904,4286.65956727673,56660,10.9154442985688
434,5375.05492232775,4437.14513950149,5373.48728313323,4435.85104246751,58681.5,10.9173911430773
434.5,5642.87200041402,4658.22999602447,5637.55356285844,4653.83958891412,61594,10.9152953392163
435,5869.94419240097,4845.67966631631,5860.53730401176,4837.91421467029,64108,10.9213940484041
435.5,6051.59613274783,4995.63460367759,6051.842795014,4995.83822509007,66088.5,10.9208112542069
436,6258.33713438409,5166.30073524312,6268.88635623579,5175.00919108985,68321.5,10.9168874748576
436.5,6473.94577184423,5344.28716171977,6495.50701001332,5362.08611345628,70700,10.9207243004704
437,6616.95355259216,5462.34107715432,6649.81190358708,5489.46587392682,72315.5,10.9288101709397
437.5,6735.91237111111,5560.54240737694,6780.34485758795,5597.22173331047,73526.5,10.9156734733766
438,6868.50416816964,5669.99785599238,6925.02751988011,5716.65827508291,75025.5,10.9229976800173
438.5,6980.84097218749,5762.73266728973,7049.66400514019,5819.54655860148,76206,10.9163559898652
439,7083.83697457404,5847.75658201834,7165.21358847409,5914.93354151986,77344.5,10.9184166649415
439.5,7125.73774388354,5882.34595786093,7219.15420794559,5959.46189722381,77765.5,10.9133540824765
440,7181.37649275588,5928.27613116973,7287.18377724428,6015.6207787828,78386.5,10.9153079643385
440.5,7195.46116978217,5939.90312979798,7314.84285647361,6038.45354063155,78531.5,10.9140068260155
441,7216.43543769336,5957.21753351322,7349.5767213154,6067.12658710009,78766,10.9147246177731
441.5,7171.11741741452,5919.80719328083,7316.70488312259,6039.99065655214,78296,10.9182154320287
442,7165.49207019458,5915.1634301127,7324.26215774501,6046.22923919796,78215.5,10.9157460869029
442.5,7115.99659116486,5874.30456869125,7286.84732074101,6015.34303160445,77712,10.9208266137042
443,7076.78424949359,5841.93450852082,7259.80236249791,5993.01723089162,77279,10.9201048516096
443.5,6991.99048790915,5771.93666989194,7185.73637119689,5931.87524107891,76383,10.9243677331362
444,6891.89182935699,5689.30453260524,7095.58215706592,5857.45231167309,75250.5,10.9187419884322
444.5,6818.07999457178,5628.3723507601,7032.19143529233,5805.12283093816,74455.5,10.9203078881113
445,6713.6740910518,5542.1845528616,6936.89082411619,5726.45151505725,73310.5,10.9196414360761
445.5,6598.20852123545,5446.86692368498,6840.59195254401,5646.95612829179,72059.5,10.9211367546995
446,6488.49338775399,5356.29631960896,6749.46872675554,5571.73327303808,70846.5,10.9187933739309
446.5,6345.31415746931,5238.10087139202,6622.62478423397,5467.02271823112,69291,10.9201014702619
447,6214.7496198845,5130.31893954065,6507.99696084534,5372.39665454428,67855.5,10.9185262932389
447.5,6086.68224913385,5024.5984362404,6395.08245429769,5279.18494579952,66475,10.9213632622709
448,5994.19913840122,4948.25298652812,6318.81215915763,5216.22328787054,65469.5,10.9220957482426
448.5,5875.40748821759,4850.18965492641,6214.04289422503,5129.73553260431,64142.5,10.9170549461734
449,5729.50337874568,4729.74480003064,6079.65020213771,5018.79343264498,62556.5,10.9182726463849
449.5,5627.02371647575,4645.14712765154,5990.50615287893,4945.20440135137,61450,10.9204938195103
450,5545.0869899098,4577.50779125731,5922.60052788782,4889.14783667842,60512,10.9127140098361
450.5,5419.37736722551,4473.73362534784,5811.02779810072,4797.04377396098,59191,10.9220761620607
451,5294.36877159629,4370.53816213722,5699.14313843977,4704.68221096799,57787.5,10.914935478982
451.5,5188.86336661714,4283.44271815399,5607.30571542879,4628.8697809508,56646.5,10.9168819664347
452,5100.23760520641,4210.28153707569,5532.90732094539,4567.45339000427,55674.5,10.9159835563885
452.5,5029.7267654409,4152.07434952714,5477.50981541297,4521.72236474673,54905.5,10.9161915092722
453,4929.39579193455,4069.25043463356,5388.88800052873,4448.56444155343,53835.5,10.9212643731094
453.5,4872.76019469127,4022.49735607675,5347.41640488707,4414.32935155196,53192.5,10.9163423454558
454,4831.0939301018,3988.10156550792,5321.97707232317,4393.32900597983,52735.5,10.9158260826316
454.5,4800.51842843314,3962.86127669648,5308.46480873457,4382.17453861675,52411,10.9176859581447
455,4741.2790206248,3913.95873444862,5262.84274992757,4344.51321246943,51756,10.9159662895426
455.5,4697.47094207978,3877.79486159599,5233.66551764087,4320.42720473633,51295.5,10.9197201195488
456,4681.79738044298,3864.85622769543,5235.61867657424,4322.03955099011,51128.5,10.9205425469279
456.5,4673.65980881609,3858.13860584535,5245.90864995764,4330.53399542715,51037,10.9201495354481
457,4645.72809258083,3835.08078025618,5233.80828093981,4320.54505683034,50738.5,10.9214851098067
457.5,4650.37439125539,3838.91633205582,5258.35013933328,4340.8045312466,50776.5,10.9187256157513
458,4646.57128344377,3835.77684016501,5273.33398459194,4353.1737994906,50746.5,10.9212789116839
458.5,4669.38685886117,3854.6112560047,5318.63636553133,4390.57122933974,50990.5,10.920127568895
459,4664.0499900361,3850.20563375348,5331.90814657527,4401.52717669333,50906,10.9145508567845
459.5,4672.35417460757,3857.06079574554,5360.80976533864,4425.38566355026,51029.5,10.9216067437195
460,4691.28304615393,3872.68671056723,5402.01729794526,4459.4027676838,51176.5,10.9087710868098
460.5,4695.11834145727,3875.85277345583,5430.23448568338,4482.69625197965,51258,10.9173346214701
461,4708.80347440321,3887.14994567304,5469.94158114059,4515.47473483381,51420.5,10.9200849419413
461.5,4690.38596524439,3871.94616405095,5472.29146407405,4517.4145795028,51213,10.9187195946331
462,4684.56974918445,3867.14483733084,5489.23450457874,4531.40117701857,51130.5,10.9146677909901
462.5,4727.75041467502,3902.79077635298,5563.84855685786,4592.99559497206,51650.5,10.924917324208
463,4687.88503760069,3869.88163092547,5540.63892145861,4573.83587988271,51216,10.925070903922
463.5,4675.6865750592,3859.81171544413,5549.89747737394,4581.47888204216,51066,10.9215536522881
464,4664.50413296399,3850.58053189205,5560.24869837588,4590.02388681335,50962,10.9254712152066
464.5,4660.8964424241,3847.60235831518,5579.55982203703,4605.96535340849,50906.5,10.9219411065169
465,4652.11343692015,3840.35192632049,5592.60772685812,4616.73648938649,50808,10.9213634148588
465.5,4638.42976785302,3829.0559625454,5600.37305955592,4623.14682541739,50647.5,10.9190295891441
466,4608.13320895287,3804.04594292513,5587.83030884989,4612.79269766698,50318.5,10.9195386315092
466.5,4586.04158590603,3785.80915479134,5584.97217923619,4610.43329183639,50068,10.9175069939089
467,4551.7094757306,3757.46775958792,5566.89788439949,4595.51283601901,49698.5,10.9186890190711
467.5,4516.9062148653,3728.73742622039,5547.88562973938,4579.81808785827,49328,10.9207499565987
468,4485.45149809521,3702.77133924126,5532.64209483232,4567.23444400736,48977,10.9190511803309
468.5,4426.77771549403,3654.33572452716,5483.31468932908,4526.5143284484,48316,10.9144929588345
469,4370.77043707078,3608.1013275166,5436.69545217915,4488.0298246589,47695.5,10.9123757621509
469.5,4300.50778307362,3550.09901904215,5371.66807192298,4434.34927098872,46952.5,10.9179019493585
470,4259.99463324997,3516.65513271475,5343.26278101422,4410.90050622013,46527.5,10.9219256218976
470.5,4165.31941081065,3438.50007957606,5248.28502918977,4332.49571297457,45476.5,10.9179203484066
471,4139.48240830983,3417.17145471131,5239.45822638102,4325.20912600083,45210.5,10.9216948205029
471.5,4052.45124747345,3345.32662747313,5152.43063415728,4253.36724467715,44246,10.9183298912587
472,4007.61550574612,3308.31441153187,5118.3604515364,4225.24207248772,43749.5,10.916578685791
472.5,3915.00970404658,3231.86767957498,5022.41837706604,4146.04122420587,42756,10.9209688439307
473,3810.21465555665,3145.35863980324,4909.67948560452,4052.97448693342,41593.5,10.9163208854946
473.5,3743.03569721409,3089.9019434915,4844.49014846559,3999.1602367326,40871,10.9192173363389
474,3673.84308339507,3032.78296060983,4775.90518878754,3942.54287656122,40113,10.9184906090343
474.5,3594.30835902539,2967.12649369774,4693.003080895,3874.10661118246,39244,10.9183532311028
475,3501.60536986884,2890.59953282064,4591.89379402738,3790.64019320792,38231.5,10.9182677879864
475.5,3432.82649392357,2833.82209342495,4521.10821540876,3732.20620682953,37479,10.9178353203293
476,3362.26658596625,2775.57439974354,4447.18072598092,3671.1785512743,36714.5,10.9195532677399
476.5,3265.28071141474,2695.51188725108,4337.29197770853,3580.46462698353,35651,10.9182107384251
477,3176.10395045907,2621.89585222468,4236.72946964733,3497.44957870815,34666,10.9145805503884
477.5,3084.91903567624,2546.62207227801,4132.46165086389,3411.37577071792,33688,10.9201592675039
478,3022.90745455391,2495.43108172148,4066.46061498922,3356.89145757782,33014.5,10.9213826348298
478.5,2956.25769541439,2440.41124302431,3993.47336993247,3296.63998027591,32274,10.9171793938069
479,2886.87510009408,2383.13542909492,3916.01414171446,3232.69684984028,31510,10.9149377739039
479.5,2783.68181578488,2297.9486567701,3791.63295698326,3130.01931868001,30397,10.9197102745779
480,2710.91133633979,2237.87612098489,3707.75751459839,3060.77955892321,29598,10.9181229546105
480.5,2630.19931030973,2171.24778338206,3609.71597285524,2979.84558583807,28718.5,10.9187785942677
481,2598.2905549633,2144.90688440728,3578.2321532795,2953.8554742909,28337,10.9059956412161
481.5,2482.54724197977,2049.35997631871,3430.38153427038,2831.80376226402,27093,10.9133460624568
482,2428.65798797847,2004.87402316687,3367.3578097596,2779.77724031638,26511,10.9159237419346
482.5,2395.58567693646,1977.57260089069,3332.83951465508,2751.28214816194,26153.5,10.917350060313
483,2311.96407047214,1908.54238444784,3227.28976059306,2664.15009370303,25238.5,10.9164643974594
483.5,2261.36754945575,1866.77460522554,3167.29923108156,2614.62749527667,24691,10.9185743004417
484,2195.43733974439,1812.34875957476,3085.22376175343,2546.87362576943,23961.5,10.9142410392754
484.5,2156.43149221273,1780.14916174957,3040.57184583356,2510.01315930792,23537,10.9148113334725
485,2116.43873430279,1747.13486255828,2994.1499924074,2471.69159715217,23110,10.9192737328241
485.5,2040.79881165171,1684.69358149353,2897.72537236718,2392.0924041537,22287,10.9207008477113
486,1999.52339907879,1650.62044197675,2849.59098444035,2352.35713288323,21838,10.9215126366626
486.5,1981.69998232398,1635.90708775698,2834.64317215937,2340.01761011236,21632,10.9158812004301
487,1925.27051998172,1589.32417499147,2763.94445516284,2281.65532860579,21020.5,10.9182110558079
487.5,1864.26488447556,1538.96359952202,2686.0321873788,2217.33821086445,20353,10.9174357597771
488,1847.37311198076,1525.01932410419,2671.43270725874,2205.28623870974,20163.5,10.9146943687493
488.5,1820.53083052359,1502.86083448466,2642.17694374898,2181.13540290702,19877.5,10.9184987633313
489,1758.97908991339,1452.04944546203,2561.93696192036,2114.89674106831,19207.5,10.9196798607592
489.5,1733.34667039134,1430.88970526598,2533.69279967971,2091.58098913342,18919,10.9146302391097
490,1703.31628637291,1406.09941485774,2498.707843706,2062.70066519299,18589,10.9133861808656
490.5,1677.00199999142,1384.3767888373,2467.97638511091,2037.3316328565,18308,10.9170071739559
491,1660.15402870583,1370.46867162164,2451.00595912032,2023.32242843207,18116.5,10.912526567817
491.5,1634.43524402014,1349.23763638366,2420.70305810799,1998.30717335418,17844.5,10.9177956840983
492,1604.62017753093,1324.62509209003,2384.04827248572,1968.0483934508,17524,10.9208079674637
492.5,1560.0197054584,1287.8070928815,2324.99930678271,1919.30306248249,17033,10.9183625114984
493,1568.77421801515,1295.03400375055,2345.55246151475,1936.26983434595,17128,10.9180311760448
493.5,1528.7890274729,1262.02595147379,2292.85297436418,1892.76604198598,16692,10.9184205040529
494,1498.62020199349,1237.12137667878,2254.58793779844,1861.17798875415,16361,10.9173638664656
494.5,1470.45384448434,1213.86985308968,2219.06734883492,1831.85549606351,16052.5,10.9167510490746
495,1443.78393826169,1191.85366042248,2185.55281573757,1804.18901641177,15764.5,10.9188421349179
495.5,1423.28333827747,1174.93027286806,2161.14897491083,1784.04347645463,15530.5,10.9117222221031
496,1404.0538852977,1159.05622598715,2138.49905317668,1765.34580888006,15322.5,10.9130917686302
496.5,1400.93799510298,1156.48403700816,2140.37772245741,1766.89666340865,15301.5,10.9222774834745
497,1380.29968688313,1139.44697034957,2115.26501512948,1746.16594923548,15064,10.9135983573821
497.5,1355.7213560844,1119.15738770966,2083.88669523103,1720.26292840406,14801.5,10.9178479240892
498,1346.88793688783,1111.86533886185,2076.63710387213,1714.2783404275,14705.5,10.9180268730662
498.5,1317.11008606467,1087.28351635881,2036.78958584402,1681.38393776657,14375,10.9139935661276
499,1295.55817565016,1069.49226474843,2009.47224101574,1658.83328003741,14144.5,10.9176518578024
499.5,1266.92613696604,1045.85631811773,1970.8900703754,1626.98343042619,13832,10.9177209953766
500,1241.38382190275,1024.77095977768,1936.87488095316,1598.90365550386,13551.5,10.9164788414293
500.5,1219.23299918293,1006.48530190302,1908.60097933436,1575.56335350593,13310.5,10.917132219734
501,1176.39026662589,971.11832886266,1847.4586881763,1525.08996784748,12842,10.9164443504621
501.5,1183.13825708033,976.688841811642,1864.33516279749,1539.02161476448,12916,10.916699926027
502,1159.37359054756,957.070944669838,1832.84085568131,1513.0228456799,12660,10.9196539360762
502.5,1130.3154527711,933.083250281414,1792.65892315042,1479.85238152621,12340,10.917300405161
503,1101.96802013123,909.682247915313,1753.30671724204,1447.36686245742,12030,10.9168230858187
503.5,1085.71417010651,896.264581923514,1733.04778043958,1430.64296953661,11853,10.9172078911217
504,1056.22355699665,871.919876146129,1691.32382176289,1396.1995520984,11535.5,10.9214254357337
504.5,1046.44814060343,863.850202075343,1681.10184913691,1387.76124275851,11420.5,10.9135807823086
505,1030.97683682993,851.078533444537,1661.56077957379,1371.62995422553,11255.5,10.9172069939049
505.5,1006.57530461213,830.934899260107,1627.8122902491,1343.77034208454,10992,10.9201930626703
506,982.132468294687,810.757168254782,1593.71359040132,1315.6216287264,10725.5,10.9205677971724
506.5,965.407569547634,796.950648273772,1571.96448924002,1297.66759478611,10542,10.9197637810484
507,943.950563742766,779.237741077265,1542.24981948249,1273.1379286912,10306,10.9179105186945
507.5,911.583551848312,752.518548141935,1494.30342252289,1233.55784526877,9947.5,10.9123372245527
508,896.390474563821,739.97655740861,1474.40088041296,1217.12815863989,9790.5,10.9221144188972
508.5,866.376535982034,715.199842822445,1429.71229308555,1180.23741967697,9456.5,10.9149469535915
509,847.714597379568,699.794282998371,1403.59331792483,1158.67602442466,9256.5,10.9193496483524
509.5,813.447065404557,671.506197547556,1351.17724176163,1115.40618980155,8884,10.9214314354896
510,806.563471281341,665.823742828953,1344.28532459643,1109.71686435403,8806.5,10.9185386101336
510.5,790.87443655927,652.872335789123,1322.99381278731,1092.14057359948,8634.5,10.9176113579239
511,773.168792232327,638.256203525862,1298.09940414684,1071.59006650774,8445.5,10.9233305962816
511.5,745.965121188439,615.799384294569,1256.86244899881,1037.54867386208,8146.5,10.9207452111152
512,721.45606336355,595.566986975292,1219.86890989095,1007.0102506055,7880,10.9223743920452
512.5,701.759881710048,579.30765233528,1190.78545846048,983.001659620027,7664.5,10.9218503319796
513,683.869568059782,564.539074264071,1164.54772676215,961.342230021791,7468.5,10.9209372551851
513.5,657.855788839188,543.064518990367,1124.095645989,927.948756619375,7184,10.920389382253
514,647.442509474731,534.468284610261,1110.26776777481,916.533747192613,7068,10.9167788170193
514.5,620.107347610752,511.90291879448,1066.96108839493,880.783782830358,6771,10.9190810692473
515,607.338469183808,501.362121041204,1048.66172839793,865.677534161276,6632,10.9197714897887
515.5,592.951231855416,489.485356783904,1027.86954891089,848.513445703807,6473,10.9165836754151
516,572.626882801693,472.707465595733,996.451909357102,822.577966224034,6252.5,10.9189726738601
516.5,555.168678154206,458.295596505013,969.795126497656,800.572606984223,6065.5,10.9255088922091
517,553.509061509971,456.925571448002,970.836689503065,801.432424473294,6044.5,10.9203317711683
517.5,526.18235584575,434.367186283803,926.247369158112,764.623631093263,5746.5,10.9210866784049
518,512.512989066343,423.083029146477,905.630890599503,747.604584971525,5597.5,10.9216973565137
518.5,497.139238211411,410.391891126936,881.764049118343,727.902341700768,5430.5,10.9234986810006
519,491.58176475809,405.804158224176,875.324876366833,722.586759908648,5366.5,10.9168277061801
519.5,470.048135909588,388.027998173408,839.961292838661,693.393876294459,5133.5,10.9211999443976
520,469.341620523455,387.444764819171,842.044712606827,695.113753771331,5124.5,10.9184867027843
520.5,446.601642604486,368.672755239067,804.161561199761,663.84094938814,4877,10.9201869103265
521,433.044182768724,357.480978060316,782.719778184152,646.140608709806,4728,10.9180541710402
521.5,426.415799977458,352.009202067321,773.796580149495,638.774446808126,4656,10.9189181175849
522,412.554655725675,340.566731295675,751.441842835872,620.320456021179,4506.5,10.9234308404235
522.5,405.105618810396,334.417499628236,740.742673650862,611.488217610225,4425,10.9231235039936
523,395.586008072987,326.558994901526,726.081024500267,599.384924489368,4320.5,10.9217710869834
523.5,380.538730437865,314.137362790557,700.960573498097,578.647817859377,4156.5,10.9226804803061
524,364.501435547472,300.898464564966,673.756347313477,556.190540355558,3981.5,10.9230945245011
524.5,369.659693991922,305.156642707483,686.190226890068,566.454794233083,4039,10.9262589593578
525,354.814585787605,292.901902864632,660.908958731863,545.584931924768,3875.5,10.9225854851876
525.5,346.547963561421,286.077748849268,648.110536709622,535.019745728553,3785.5,10.9234551171572
526,333.132530985593,275.003216159215,625.367704317387,516.245379760958,3640.5,10.9280852167064
526.5,329.621632955576,272.104945470955,621.346644036136,512.925966593945,3599,10.9185604088399
527,321.703981075136,265.568868897742,608.808514304628,502.575653490073,3513.5,10.921524175359
527.5,314.3714682405,259.515828667513,597.266915340332,493.047983450132,3433.5,10.9217553246541
528,304.713988967907,251.543512508246,581.09998753999,479.702072357768,3329,10.9249865106103
528.5,301.713176172985,249.06632072138,577.730863663372,476.920837217004,3296.5,10.9259176660182
529,289.955276546176,239.360092983479,557.186316450748,459.961170920557,3166.5,10.9205728569869
529.5,287.059380730092,236.969510890733,553.851622573334,457.208357983069,3135,10.9211194176632
530,280.51254870996,231.565055625245,543.26592870319,448.469794232018,3062,10.9157026664922
530.5,274.43908563545,226.551369709393,533.621961852685,440.508632670956,2997.5,10.9222203393087
531,269.826281899813,222.743468214278,526.773659636652,434.855311666648,2947.5,10.9237002007787
531.5,261.515379221089,215.882760378051,512.457174059385,423.036953470895,2856.5,10.9229112603385
532,253.818676876992,209.529079180406,499.228561764196,412.116642218982,2772,10.9211714562381
532.5,248.938182748917,205.50019740865,491.538025336316,405.768051027964,2717.5,10.9163559349336
533,235.769794899473,194.629601854637,466.996113398873,385.508532410778,2573,10.913175316605
533.5,241.968801775687,199.746925050029,481.583885225864,397.550839288315,2641,10.9146920982414
534,238.330271594452,196.743293135212,476.210072402015,393.114719509728,2603,10.9217841301965
534.5,225.016068197866,185.752325835121,450.943863571608,372.257288781016,2458.5,10.9258262414565
535,220.378512111887,181.923991103026,443.291092659376,365.939873285246,2406,10.9175765190563
535.5,210.203331450719,173.524308854812,424.26060113172,350.23007046379,2295,10.9179995079535
536,212.589434877633,175.494053792506,431.124285128131,355.896089234546,2321.5,10.9201325280016
536.5,202.866647020151,167.467824943192,412.769242931849,340.743874523536,2214,10.9135743980312
537,199.935231765864,165.047921307717,408.474284414829,337.198356462131,2183.5,10.9210325646347
537.5,199.426302393368,164.627796578918,409.215540846812,337.810268790811,2178,10.9213319664941
538,195.280506071678,161.205412944895,402.254451929498,332.063841581892,2131.5,10.915078987895
538.5,190.010773192847,156.855211883201,392.838974367991,324.291299514538,2074.5,10.9177789970863
539,181.219452214658,149.597915406819,375.81446044672,310.237445127981,1978.5,10.9176770897363
539.5,182.797458487842,150.900570536179,380.827675942924,314.37588931017,1995,10.9136928703228
540,172.701242965732,142.56607455825,360.767452562914,297.816035698595,1885,10.9147745323245
540.5,175.225430601191,144.649808968356,367.987291526499,303.776062866351,1912.5,10.9145138755828
541,173.104653534075,142.899092781954,365.170848844026,301.45106988678,1889,10.9124727256532
541.5,162.81817369099,134.407532286688,344.493638923216,284.38188960409,1777,10.9139961845358
542,163.267450365925,134.778413299679,347.14024422767,286.56668064949,1782,10.9146354270981
542.5,154.722403102287,127.724417483718,329.976991118264,272.398296100323,1688.5,10.913131520828
543,151.639180021302,125.179195433807,324.731132685618,268.067803559635,1655.5,10.9173208000587
543.5,149.873889518352,123.721935873084,322.346250212236,266.099066527555,1636,10.9158474022119
544,148.700772402549,122.753519552941,321.254616655206,265.197915450648,1624,10.9212597496963
544.5,144.539660905378,119.318493135276,313.419713759749,258.730148738789,1578,10.9173928429064
545,138.042880427334,113.955355765122,300.235430867914,247.846431716976,1507.5,10.9206082116017
545.5,136.568795567696,112.738488483825,298.085899950615,246.071979027706,1491,10.9175597252328
546,134.184736940402,110.770431542408,293.844203515149,242.570429184244,1465,10.9177886558999
546.5,126.986815173181,104.828497172349,278.567206773767,229.959162356882,1386,10.9145182182342
547,126.810809932928,104.683203625101,279.252262747907,230.524680817599,1383.5,10.9099857962987
547.5,121.07946012296,99.9519345832833,267.162288628304,220.544323281408,1321.5,10.9143374137884
548,118.195034999587,97.5708216269736,261.544765501236,215.907018956243,1290.5,10.918409185083
548.5,115.154489279553,95.0608300346944,255.502020774094,210.918691249319,1256.5,10.9114674064259
549,114.000937065613,94.1085646768126,253.809607848642,209.521592634567,1244.5,10.9166002556155
549.5,109.648676402529,90.5157432961737,244.617334005304,201.933306785524,1197,10.9166601250011
550,106.371348732497,87.8102865609822,237.86607574484,196.36009623999,1161,10.9146112083478
550.5,103.814156474212,85.6993066056914,232.932777435266,192.287624249963,1133,10.9137124381942
551,101.053803855412,83.4206163629295,227.460412797005,187.770149264661,1102.5,10.9099794669529
551.5,101.74498670901,83.9911926051574,230.14449154763,189.985874899929,1110.5,10.9144616447471
552,99.6932231146934,82.2974475194816,226.291295410429,186.805034748751,1088.5,10.918543532619
552.5,92.4632869304936,76.3290850260366,209.964345367781,173.327024184862,1009.5,10.917841057634
553,92.3363461833838,76.2242945583703,210.600248736695,173.851966828861,1008,10.9166253990485
553.5,88.4329994559692,73.0020547469422,202.093701352703,166.829752930725,965.5,10.9178648552418
554,82.5831647334239,68.1729755875449,188.766876627787,155.828366636509,901.5,10.9165155601798
554.5,89.074908932078,73.5319554741115,205.460787288679,169.609305737346,972.5,10.9176400078267
555,82.8309314114241,68.3775086996536,191.045172685445,157.709115842734,904,10.9139036155649
555.5,81.9251005313694,67.629739021999,189.742265075144,156.633556568679,894.5,10.9185815910912
556,77.8828847151577,64.2928618140629,180.64570632831,149.12428419603,850.5,10.9203016777841
556.5,75.3767946081261,62.2240670392642,175.272293254272,144.688494413686,823,10.9183909630369
557,70.9923765421646,58.6046994993882,165.142279084161,136.32609741728,775,10.9166620811779
557.5,72.6923864722219,60.0080694941624,170.197198098837,140.498968143376,793.5,10.9158968071198
558,66.9619009575099,55.2775139340758,156.535863238967,129.221441411367,731,10.9167055748308
558.5,68.9488936211631,56.9177901669996,162.316963732771,133.993779987945,753,10.9209551354344
559,64.6081062609401,53.3344400774936,152.014082188373,125.488679774422,705.5,10.9197455071224
559.5,65.3878424704112,53.9781177295257,154.718150834305,127.72090720699,714,10.9191937981306
560,60.92046283806,50.290264840869,143.941806456561,118.824960138863,665,10.9158834556792
560.5,63.4844885597015,52.4068858675824,151.287308185156,124.888722791193,693,10.9160604393241
561,60.0489432785481,49.5708193964317,143.113583089156,118.141256001471,655.5,10.9161811699166
561.5,55.1911871699746,45.5607080175687,131.139537526391,108.256598293456,602.5,10.9166957817398
562,58.0176253201093,47.8939523250595,139.201282055739,114.911624348298,633.5,10.9191172295261
562.5,53.8298436624967,44.4369095048678,128.836032754343,106.355039118562,587.5,10.9140027549705
563,53.9856738073444,44.5655483708497,129.882245237924,107.21869478413,589.5,10.9195643120516
563.5,53.581231831748,44.2316787133,129.432592861437,106.8475036269,585,10.9180096581002
564,53.0366148788218,43.7820936391963,128.598250631218,106.158748325792,579,10.9169629417776
564.5,49.1476426927965,40.5717201114397,118.76251666409,98.0392816791572,536.5,10.9161951256052
565,48.2710439438685,39.8480817608916,116.96377275176,96.5544060968355,527,10.9174983208131
565.5,48.2859995642745,39.8604277293238,117.574718334329,97.0587459150084,527,10.9141944663988
566,45.1730058802492,37.2906298400048,109.660111398584,90.5251829647723,493,10.9135879783536
566.5,45.534348506676,37.5889206857196,111.185190994917,91.7841467550974,497,10.9149238243187
567,42.776200621176,35.3120504655967,104.132251581004,85.9618963238237,467,10.9172962913914
567.5,40.9817378506483,33.8307089955425,99.6720648032322,82.2799811865386,447.5,10.9194939781883
568,43.1602812432495,35.6291116845121,106.19735379171,87.6666525298947,471,10.9127795646465
568.5,39.711052436006,32.7817493676149,97.0745048439659,80.1356774139493,433.5,10.9163614952364
569,39.6204875846987,32.7069874543703,97.2809123065545,80.3060682067164,432.5,10.9160913444759
569.5,39.1045147314841,32.2810482833591,96.2901157024567,79.4881587342299,427,10.9194863732078
570,37.1404989274547,30.6597396075067,91.1771493563308,75.2673695331918,405.5,10.9179069817072
