# wavenlength / nm,  wavenumber / cm-1,  norm. intensity for wavelength, norm. intensity for wavenumber
3.510000000000000000e+02,2.849002849002848947e+01,2.592465993686846112e-09,3.193944028882131055e-04
3.520000000000000000e+02,2.840909090909091006e+01,2.691918123065630866e-09,3.335394231203239268e-04
3.530000000000000000e+02,2.832861189801699808e+01,2.057060962128503286e-09,2.563283094298706723e-04
3.540000000000000000e+02,2.824858757062147063e+01,2.462387466524597258e-09,3.085765477549964387e-04
3.550000000000000000e+02,2.816901408450704380e+01,2.514104455773950637e-09,3.168400140389121046e-04
3.560000000000000000e+02,2.808988764044943665e+01,2.388667259961079889e-09,3.027301338584274045e-04
3.570000000000000000e+02,2.801120448179271705e+01,2.244712451614985930e-09,2.860863572458783449e-04
3.580000000000000000e+02,2.793296089385474801e+01,2.494871826466381382e-09,3.197527527672372949e-04
3.590000000000000000e+02,2.785515320334261702e+01,2.535065426037867861e-09,3.267217671731864463e-04
3.600000000000000000e+02,2.777777777777777857e+01,2.902055246972253786e-09,3.761063600076040977e-04
3.610000000000000000e+02,2.770083102493074634e+01,3.045007098813781146e-09,3.968283701245107955e-04
3.620000000000000000e+02,2.762430939226519300e+01,3.899077624544878826e-09,5.109507282308591112e-04
3.630000000000000000e+02,2.754820936639118401e+01,4.548043781012579734e-09,5.992911809802465824e-04
3.640000000000000000e+02,2.747252747252747085e+01,4.875795176189541730e-09,6.460233576644095008e-04
3.650000000000000000e+02,2.739726027397260211e+01,5.779683273690602715e-09,7.699983041374305545e-04
3.660000000000000000e+02,2.732240437158469959e+01,7.459450687818169578e-09,9.992381763373706528e-04
3.670000000000000000e+02,2.724795640326975388e+01,8.266359082879389260e-09,1.113387638513941994e-03
3.680000000000000000e+02,2.717391304347826164e+01,9.405447477985505394e-09,1.273723319258709139e-03
3.690000000000000000e+02,2.710027100271002709e+01,9.784765576401439739e-09,1.332303465648396537e-03
3.700000000000000000e+02,2.702702702702702808e+01,1.122748798741964524e-08,1.537043105477749454e-03
3.710000000000000000e+02,2.695417789757412308e+01,1.282766590643102171e-08,1.765612763027072252e-03
3.720000000000000000e+02,2.688172043010752787e+01,1.341955657812743349e-08,1.857051917507586804e-03
3.730000000000000000e+02,2.680965147453083119e+01,1.520402942068797684e-08,2.115321409270897422e-03
3.740000000000000000e+02,2.673796791443850296e+01,1.594365565923112780e-08,2.230134778990613270e-03
3.750000000000000000e+02,2.666666666666666785e+01,1.875883109506169553e-08,2.637960622743051094e-03
3.760000000000000000e+02,2.659574468085106247e+01,2.030154843609264336e-08,2.870151711701033649e-03
3.770000000000000000e+02,2.652519893899204106e+01,2.255099014340873097e-08,3.205149678092539603e-03
3.780000000000000000e+02,2.645502645502645578e+01,2.556799767368128870e-08,3.653257779606277136e-03
3.790000000000000000e+02,2.638522427440633322e+01,3.129926609529682475e-08,4.495857881194531211e-03
3.800000000000000000e+02,2.631578947368420884e+01,4.316434802948431726e-08,6.232931855457535253e-03
3.810000000000000000e+02,2.624671916010498762e+01,6.381821792784406186e-08,9.263916332623772787e-03
3.820000000000000000e+02,2.617801047120418900e+01,9.578736430449823930e-08,1.397767534876960191e-02
3.830000000000000000e+02,2.610966057441253341e+01,1.401660353892222078e-07,2.056081556520961834e-02
3.840000000000000000e+02,2.604166666666666785e+01,1.826832942853808085e-07,2.693774784214511206e-02
3.850000000000000000e+02,2.597402597402597380e+01,2.060158911815193574e-07,3.053670547038070740e-02
3.860000000000000000e+02,2.590673575129533646e+01,2.043947057354204350e-07,3.045399357575470298e-02
3.870000000000000000e+02,2.583979328165374767e+01,1.871313552048469250e-07,2.802647593767471773e-02
3.880000000000000000e+02,2.577319587628866060e+01,1.605282665135018446e-07,2.416656735400862094e-02
3.890000000000000000e+02,2.570694087403598971e+01,1.391400314440451580e-07,2.105480869814435607e-02
3.900000000000000000e+02,2.564102564102564230e+01,1.225100514535090661e-07,1.863377882607872987e-02
3.910000000000000000e+02,2.557544757033248217e+01,1.120282335186727113e-07,1.712698836856820298e-02
3.920000000000000000e+02,2.551020408163265429e+01,1.056072481257011984e-07,1.622803217598774855e-02
3.930000000000000000e+02,2.544529262086513910e+01,1.004176524981775851e-07,1.550940601069102955e-02
3.940000000000000000e+02,2.538071065989847597e+01,9.489537904773663494e-08,1.473117906185444394e-02
3.950000000000000000e+02,2.531645569620253156e+01,9.049688270160853573e-08,1.411977612351847204e-02
3.960000000000000000e+02,2.525252525252525260e+01,8.493906290597564437e-08,1.331980408866347693e-02
3.970000000000000000e+02,2.518891687657430722e+01,8.056961489323003374e-08,1.269849643370709290e-02
3.980000000000000000e+02,2.512562814070351891e+01,7.874662625074527430e-08,1.247378058462305511e-02
3.990000000000000000e+02,2.506265664160401130e+01,8.038891723274957547e-08,1.279799601237096435e-02
4.000000000000000000e+02,2.500000000000000000e+01,8.313504960889011261e-08,1.330160793742241748e-02
4.010000000000000000e+02,2.493765586034912829e+01,9.397909838009913520e-08,1.511193299861832151e-02
4.020000000000000000e+02,2.487562189054726502e+01,1.090896349189680030e-07,1.762932136144490514e-02
4.030000000000000000e+02,2.481389578163771858e+01,1.228207052903491039e-07,1.994718792550030650e-02
4.040000000000000000e+02,2.475247524752475314e+01,1.388453152642767426e-07,2.266177697617419162e-02
4.050000000000000000e+02,2.469135802469135754e+01,1.488372575172173796e-07,2.441303116426158173e-02
4.060000000000000000e+02,2.463054187192118150e+01,1.501139696377478714e-07,2.474418629920780918e-02
4.070000000000000000e+02,2.457002457002457163e+01,1.462522415705651841e-07,2.422653756392255039e-02
4.079999999999999432e+02,2.450980392156862919e+01,1.442800394247337408e-07,2.401743248279886861e-02
4.090000000000000000e+02,2.444987775061124680e+01,1.385611545470860822e-07,2.317864849379110484e-02
4.100000000000000000e+02,2.439024390243902474e+01,1.316610384829753368e-07,2.213222056898815626e-02
4.110000000000000000e+02,2.433090024330900292e+01,1.256673100491313743e-07,2.122784768080931972e-02
4.120000000000000000e+02,2.427184466019417641e+01,1.204743471836274641e-07,2.044979758833765857e-02
4.130000000000000000e+02,2.421307506053268810e+01,1.150115969369567589e-07,1.961741307793977637e-02
4.140000000000000000e+02,2.415458937198067702e+01,1.114670248001116986e-07,1.910500218263994424e-02
4.150000000000000000e+02,2.409638554216867590e+01,1.078131982227966420e-07,1.856812806392115281e-02
4.160000000000000000e+02,2.403846153846154010e+01,1.082970638931765597e-07,1.874145668909756382e-02
4.170000000000000000e+02,2.398081534772182266e+01,1.056560829239187065e-07,1.837243060355729998e-02
4.180000000000000000e+02,2.392344497607655640e+01,1.085121521026609305e-07,1.895967726398532782e-02
4.190000000000000000e+02,2.386634844868735073e+01,1.125548275853747807e-07,1.976023808571598234e-02
4.200000000000000000e+02,2.380952380952381020e+01,1.166206109085450330e-07,2.057187576426734374e-02
4.210000000000000000e+02,2.375296912114014347e+01,1.252057886579327507e-07,2.219159918752065808e-02
4.220000000000000000e+02,2.369668246445497672e+01,1.305105929315542346e-07,2.324184843162290307e-02
4.230000000000000000e+02,2.364066193853427933e+01,1.402401337395883232e-07,2.509302688989080085e-02
4.240000000000000000e+02,2.358490566037735903e+01,1.544634145579376819e-07,2.776881481556780357e-02
4.249999999999999432e+02,2.352941176470588402e+01,1.712926293094744473e-07,3.093973116902381040e-02
4.260000000000000000e+02,2.347417840375586806e+01,1.855587713889030188e-07,3.367446359657256388e-02
4.270000000000000000e+02,2.341920374707260066e+01,2.028538427737129618e-07,3.698613829908831141e-02
4.280000000000000000e+02,2.336448598130841248e+01,2.199252922308562153e-07,4.028679473201716293e-02
4.290000000000000000e+02,2.331002331002331118e+01,2.396129309058612917e-07,4.409860341684561369e-02
4.300000000000000000e+02,2.325581395348837077e+01,2.598206874590028764e-07,4.804084511116963468e-02
4.310000000000000568e+02,2.320185614849187772e+01,2.805479379222551789e-07,5.211486549637606158e-02
4.320000000000000000e+02,2.314814814814814881e+01,3.045191370391580909e-07,5.683057943079583563e-02
4.330000000000000000e+02,2.309468822170900637e+01,3.292112850209716595e-07,6.172349461729696035e-02
4.340000000000000000e+02,2.304147465437787901e+01,3.565721653139362328e-07,6.716250676987177426e-02
4.350000000000000000e+02,2.298850574712643535e+01,3.891951977529953613e-07,7.364546129481054637e-02
4.360000000000000000e+02,2.293577981651376163e+01,4.178427895261389559e-07,7.943024291776090706e-02
4.370000000000000000e+02,2.288329519450800831e+01,4.504831388658432153e-07,8.602831454607121064e-02
4.380000000000000000e+02,2.283105022831050235e+01,4.884190876456680683e-07,9.370027145029553861e-02
4.390000000000000000e+02,2.277904328018223268e+01,5.209606085299710545e-07,1.004000494365045598e-01
4.400000000000000000e+02,2.272727272727272663e+01,5.713954075302873155e-07,1.106221508978636331e-01
4.410000000000000000e+02,2.267573696145124629e+01,6.227814756217763132e-07,1.211191641603986818e-01
4.420000000000000000e+02,2.262443438914027283e+01,6.691365159586370348e-07,1.307251863037431627e-01
4.429999999999999432e+02,2.257336343115124322e+01,7.190756249425712878e-07,1.411178723193546314e-01
4.440000000000000000e+02,2.252252252252252163e+01,7.764137659737039199e-07,1.530591041689920995e-01
4.449999999999999432e+02,2.247191011235955216e+01,8.359851211887446097e-07,1.655459536234011042e-01
4.460000000000000000e+02,2.242152466367712904e+01,8.991487161845577877e-07,1.788550660285674887e-01
4.470000000000000000e+02,2.237136465324384815e+01,9.693313341923613214e-07,1.936811245536415038e-01
4.479999999999999432e+02,2.232142857142857295e+01,1.038221648308848155e-06,2.083752377021790003e-01
4.490000000000000000e+02,2.227171492204899650e+01,1.112123771500313830e-06,2.242052644582347709e-01
4.500000000000000000e+02,2.222222222222222143e+01,1.178748279222719632e-06,2.386965265426007066e-01
4.510000000000000000e+02,2.217294900221729392e+01,1.248614662834254217e-06,2.539694710351501628e-01
4.520000000000000000e+02,2.212389380530973426e+01,1.339676188220087196e-06,2.737012039581167011e-01
4.530000000000000000e+02,2.207505518763796815e+01,1.418213074894020008e-06,2.910300868859269641e-01
4.540000000000000000e+02,2.202643171806167288e+01,1.505758335826091117e-06,3.103608851471306163e-01
4.550000000000000000e+02,2.197802197802197810e+01,1.589503775472176208e-06,3.290670191171272685e-01
4.559999999999999432e+02,2.192982456140351033e+01,1.678991505911948634e-06,3.491227777733068582e-01
4.570000000000000000e+02,2.188183807439824946e+01,1.772374351213676120e-06,3.701586108766250494e-01
4.580000000000000000e+02,2.183406113537117932e+01,1.852148587354517786e-06,3.885140962778330653e-01
4.590000000000000000e+02,2.178649237472766842e+01,1.938103942110408868e-06,4.083216766277630305e-01
4.600000000000000000e+02,2.173913043478260931e+01,2.044574246715698206e-06,4.326319106050417473e-01
4.610000000000000568e+02,2.169197396963123481e+01,2.130305296078805727e-06,4.527346118279640397e-01
4.619999999999999432e+02,2.164502164502164661e+01,2.218861222555104938e-06,4.736026147870517344e-01
4.630000000000000000e+02,2.159827213822894265e+01,2.288679201638622652e-06,4.906218717760699177e-01
4.640000000000000000e+02,2.155172413793103559e+01,2.401346913215378474e-06,5.170003850276181367e-01
4.650000000000000568e+02,2.150537634408602017e+01,2.484636165258474332e-06,5.372404548330137475e-01
4.660000000000000568e+02,2.145922746781115720e+01,2.574477145522713007e-06,5.590631590131304174e-01
4.670000000000000568e+02,2.141327623126338153e+01,2.650976000013324974e-06,5.781487048669061712e-01
4.680000000000000568e+02,2.136752136752136622e+01,2.742326948786413671e-06,6.006354176309955939e-01
4.690000000000000000e+02,2.132196162046908228e+01,2.826907426002486075e-06,6.218093843309328017e-01
4.700000000000000000e+02,2.127659574468085069e+01,2.898080242964393120e-06,6.401859256708344326e-01
4.710000000000000000e+02,2.123142250530785446e+01,2.979589437923934999e-06,6.609951004984836453e-01
4.720000000000000568e+02,2.118644067796610031e+01,3.065190459005319060e-06,6.828753912190411723e-01
4.729999999999999432e+02,2.114164904862579419e+01,3.155231703865865667e-06,7.059168338742061177e-01
4.740000000000000000e+02,2.109704641350210963e+01,3.203847544830510534e-06,7.198276509823398062e-01
4.749999999999999432e+02,2.105263157894736992e+01,3.276017487054715859e-06,7.391514455167200737e-01
4.760000000000000000e+02,2.100840336134453779e+01,3.352791648807864970e-06,7.596621206202908150e-01
4.769999999999999432e+02,2.096436058700209770e+01,3.433248774152353819e-06,7.811636603341106655e-01
4.780000000000000000e+02,2.092050209205021005e+01,3.482036677291103869e-06,7.955896681741805310e-01
4.790000000000000000e+02,2.087682672233820469e+01,3.535517154287674031e-06,8.111925913969182389e-01
4.800000000000000000e+02,2.083333333333333215e+01,3.593753273292425013e-06,8.280007541665747040e-01
4.810000000000000000e+02,2.079002079002079029e+01,3.642618642889658332e-06,8.427598918375942549e-01
4.820000000000000000e+02,2.074688796680498015e+01,3.686352180706182954e-06,8.564280840303832854e-01
4.830000000000000000e+02,2.070393374741200887e+01,3.746099934027825865e-06,8.739239075094175080e-01
4.839999999999999432e+02,2.066115702479338978e+01,3.768777342891414505e-06,8.828587052363709997e-01
4.849999999999999432e+02,2.061855670103092919e+01,3.781433820954132415e-06,8.894877705339355733e-01
4.859999999999999432e+02,2.057613168724279973e+01,3.832572265798224398e-06,9.052382388924771206e-01
4.869999999999999432e+02,2.053388090349076123e+01,3.859026635187181552e-06,9.152414880407083730e-01
4.880000000000000000e+02,2.049180327868852558e+01,3.910785920720972062e-06,9.313302023041751809e-01
4.890000000000000000e+02,2.044989775051124781e+01,3.926366860165948013e-06,9.388767699697416758e-01
4.900000000000000000e+02,2.040816326530612201e+01,3.953717950993714534e-06,9.492876800335908749e-01
4.910000000000000568e+02,2.036659877800407159e+01,3.965960347646913856e-06,9.561176865710658834e-01
4.920000000000000000e+02,2.032520325203251943e+01,3.967282308043045256e-06,9.603362246141317060e-01
4.930000000000000000e+02,2.028397565922920975e+01,3.979987573231095717e-06,9.673319996862445036e-01
4.940000000000000000e+02,2.024291497975708509e+01,3.989448328981461578e-06,9.735690124113198785e-01
4.950000000000000568e+02,2.020202020202020066e+01,3.988582186751154523e-06,9.773023503087018282e-01
4.960000000000000000e+02,2.016129032258064413e+01,3.986395741918534569e-06,9.807171348438301628e-01
4.970000000000000568e+02,2.012072434607645732e+01,4.028316830728955176e-06,9.950305120415288140e-01
4.980000000000000000e+02,2.008032128514056325e+01,3.974169552818443554e-06,9.856099457771851924e-01
4.990000000000000000e+02,2.004008016032064177e+01,3.986778798489924760e-06,9.927119076027898226e-01
5.000000000000000000e+02,2.000000000000000000e+01,3.962447681680474950e-06,9.906119204201186967e-01
5.009999999999999432e+02,1.996007984031936289e+01,3.984047872319234337e-06,1.000000000000000000e+00
5.020000000000000000e+02,1.992031872509960166e+01,3.925781450074348328e-06,9.893126285445360546e-01
5.030000000000000000e+02,1.988071570576540736e+01,3.943946307634772419e-06,9.978539113483660961e-01
5.040000000000000000e+02,1.984126984126984183e+01,3.896728309090295817e-06,9.898313381618806250e-01
5.050000000000000000e+02,1.980198019801980180e+01,3.896015930919622429e-06,9.935814627827768142e-01
5.060000000000000000e+02,1.976284584980237113e+01,3.841095565086900773e-06,9.834587441025897103e-01
5.069999999999999432e+02,1.972386587771203281e+01,3.811114536433235358e-06,9.796431804756264849e-01
5.080000000000000000e+02,1.968503937007874072e+01,3.803455988173610941e-06,9.815350661320347836e-01
5.089999999999999432e+02,1.964636542239685824e+01,3.755690619057488819e-06,9.730280812760330189e-01
5.099999999999999432e+02,1.960784313725490335e+01,3.774626233602302694e-06,9.817802833599587053e-01
5.109999999999999432e+02,1.956947162426614639e+01,3.704193855479265521e-06,9.672428037366010978e-01
5.120000000000000000e+02,1.953125000000000000e+01,3.678625247664204296e-06,9.643295369236851711e-01
5.130000000000000000e+02,1.949317738791422983e+01,3.657215944795551270e-06,9.624658629759004214e-01
5.140000000000000000e+02,1.945525291828793613e+01,3.630794119283328268e-06,9.592412831381782468e-01
5.150000000000000000e+02,1.941747572815533829e+01,3.574930726204801274e-06,9.481610018576683840e-01
5.160000000000000000e+02,1.937984496124030898e+01,3.518196007988803881e-06,9.367407963030669471e-01
5.170000000000000000e+02,1.934235976789168276e+01,3.487622825698766575e-06,9.322032174581975639e-01
5.180000000000000000e+02,1.930501930501930374e+01,3.463610800389419977e-06,9.293699044036907164e-01
5.190000000000000000e+02,1.926782273603082984e+01,3.404644777433495888e-06,9.170785218942638650e-01
5.200000000000000000e+02,1.923076923076922995e+01,3.356753274513278993e-06,9.076660854283906676e-01
5.210000000000000000e+02,1.919385796545105549e+01,3.342801437952339068e-06,9.073733651192208427e-01
5.220000000000000000e+02,1.915708812260536575e+01,3.272631447687205511e-06,8.917397073916004668e-01
5.230000000000000000e+02,1.912045889101338503e+01,3.255950213316687792e-06,8.905968058983002589e-01
5.240000000000000000e+02,1.908396946564885610e+01,3.202901563728637354e-06,8.794398997623543712e-01
5.250000000000000000e+02,1.904761904761904745e+01,3.175369224366734219e-06,8.752111424660811156e-01
5.260000000000000000e+02,1.901140684410646386e+01,3.107725899485022020e-06,8.598331709659179367e-01
5.270000000000000000e+02,1.897533206831119656e+01,3.066665836040065036e-06,8.517020359775712146e-01
5.280000000000000000e+02,1.893939393939393767e+01,3.048439605327303161e-06,8.498561869315668371e-01
5.290000000000000000e+02,1.890359168241965904e+01,2.983673823759082479e-06,8.349542665145653908e-01
5.300000000000000000e+02,1.886792452830188793e+01,2.934820052143815336e-06,8.243909526471977500e-01
5.310000000000000000e+02,1.883239171374764709e+01,2.903129446213170326e-06,8.185692817837116886e-01
5.320000000000000000e+02,1.879699248120300581e+01,2.855800158372482930e-06,8.082599840232136401e-01
5.330000000000000000e+02,1.876172607879924925e+01,2.796375036238108687e-06,7.944193876698480983e-01
5.340000000000000000e+02,1.872659176029962680e+01,2.780410698125161550e-06,7.928507930345786159e-01
5.350000000000000000e+02,1.869158878504672927e+01,2.716141756097558699e-06,7.774276741390236944e-01
5.360000000000000000e+02,1.865671641791044877e+01,2.673738875713561314e-06,7.681544840370033711e-01
5.370000000000000000e+02,1.862197392923649986e+01,2.628464724598452339e-06,7.579677441677310501e-01
5.380000000000000000e+02,1.858736059479553759e+01,2.592835526393389092e-06,7.504806861014080566e-01
5.390000000000000000e+02,1.855287569573283690e+01,2.553136824914128463e-06,7.417398635108775062e-01
5.400000000000000000e+02,1.851851851851851904e+01,2.482393061286211449e-06,7.238658166710592035e-01
5.410000000000000000e+02,1.848428835489833588e+01,2.452446669386704641e-06,7.177845436427701120e-01
5.420000000000000000e+02,1.845018450184501901e+01,2.409469759575818571e-06,7.078154744520307462e-01
5.430000000000000000e+02,1.841620626151012985e+01,2.363863446591037249e-06,6.969827733639207823e-01
5.440000000000000000e+02,1.838235294117647101e+01,2.331824372054209853e-06,6.900707773682346335e-01
5.450000000000000000e+02,1.834862385321100930e+01,2.273797423109194632e-06,6.753746795990085428e-01
5.460000000000000000e+02,1.831501831501831390e+01,2.268181591240416299e-06,6.761812232542279144e-01
5.470000000000000000e+02,1.828153564899451666e+01,2.217801860560396724e-06,6.635862768964156944e-01
5.480000000000000000e+02,1.824817518248175219e+01,2.161635672714028442e-06,6.491478390587135383e-01
5.490000000000000000e+02,1.821493624772313424e+01,2.123612522370454715e-06,6.400589378549774722e-01
5.500000000000000000e+02,1.818181818181818343e+01,2.090884030859472950e-06,6.324924193349905632e-01
5.510000000000000000e+02,1.814882032667876643e+01,2.031911558735628820e-06,6.168903811436956541e-01
5.520000000000000000e+02,1.811594202898550776e+01,1.998211352219574106e-06,6.088629918667131102e-01
5.530000000000000000e+02,1.808318264014466692e+01,1.955743789241674694e-06,5.980840524442072592e-01
5.540000000000000000e+02,1.805054151624548808e+01,1.937150085371846136e-06,5.945423556019855393e-01
5.550000000000000000e+02,1.801801801801801872e+01,1.892066803765554543e-06,5.828038772298849146e-01
5.560000000000000000e+02,1.798561151079136522e+01,1.840141990826150863e-06,5.688541344760329466e-01
5.570000000000000000e+02,1.795332136445242455e+01,1.798265446575389288e-06,5.579100565345679330e-01
5.580000000000000000e+02,1.792114695340501740e+01,1.776486315489402158e-06,5.531338851360422249e-01
5.590000000000000000e+02,1.788908765652951871e+01,1.711839610890297666e-06,5.349173534506110883e-01
5.600000000000000000e+02,1.785714285714285765e+01,1.715828838304498127e-06,5.380839236922906332e-01
5.610000000000000000e+02,1.782531194295900079e+01,1.642597422435429909e-06,5.169599033863009341e-01
5.620000000000000000e+02,1.779359430604982251e+01,1.602568077529358794e-06,5.061615118791827905e-01
5.630000000000000000e+02,1.776198934280639463e+01,1.562964658622383739e-06,4.954113448788783347e-01
5.640000000000000000e+02,1.773049645390070950e+01,1.518630266964007191e-06,4.830702134001828019e-01
5.650000000000000000e+02,1.769911504424778670e+01,1.507023574965687333e-06,4.810796007184215406e-01
5.660000000000000000e+02,1.766784452296819907e+01,1.482655752811904386e-06,4.749776663478104677e-01
5.670000000000000000e+02,1.763668430335097170e+01,1.446091988716300783e-06,4.649026673604148008e-01
5.680000000000000000e+02,1.760563380281690016e+01,1.417155624721564842e-06,4.572084162701701149e-01
5.690000000000000000e+02,1.757469244288224886e+01,1.362840169801287686e-06,4.412344962150346883e-01
5.700000000000000000e+02,1.754385964912280826e+01,1.347966110022306127e-06,4.379541891462472303e-01
5.710000000000000000e+02,1.751313485113835355e+01,1.311443663355726675e-06,4.275844034441644848e-01
5.720000000000000000e+02,1.748251748251748339e+01,1.290883254079231489e-06,4.223563466026592494e-01
5.730000000000000000e+02,1.745200698080279267e+01,1.268025201934746612e-06,4.163294465260334309e-01
5.740000000000000000e+02,1.742160278745644675e+01,1.229658517676701644e-06,4.051429697700489330e-01
5.750000000000000000e+02,1.739130434782608603e+01,1.206886227923313083e-06,3.990267591071453568e-01
5.760000000000000000e+02,1.736111111111111072e+01,1.162810796223527439e-06,3.857927147278570335e-01
5.770000000000000000e+02,1.733102253032928886e+01,1.151158701332771179e-06,3.832541152760181591e-01
5.780000000000000000e+02,1.730103806228373742e+01,1.120484748972217697e-06,3.743360268756343867e-01
5.790000000000000000e+02,1.727115716753022312e+01,1.096152140824104413e-06,3.674751398420135762e-01
5.800000000000000000e+02,1.724137931034482918e+01,1.050793896179993495e-06,3.534870666749497792e-01
5.810000000000000000e+02,1.721170395869190983e+01,1.057277332710248096e-06,3.568955937070040774e-01
5.820000000000000000e+02,1.718213058419243922e+01,1.027446584429978384e-06,3.480208168644600142e-01
5.830000000000000000e+02,1.715265866209262313e+01,9.865071020238771508e-07,3.353029123997935956e-01
5.840000000000000000e+02,1.712328767123287676e+01,9.732978197717690835e-07,3.319490612200804436e-01
5.850000000000000000e+02,1.709401709401709368e+01,9.462228936849613167e-07,3.238211297913358711e-01
5.860000000000000000e+02,1.706484641638225241e+01,9.305605250784659439e-07,3.195507620698448958e-01
5.870000000000000000e+02,1.703577512776831426e+01,9.049748657202464109e-07,3.118262845063595745e-01
5.880000000000000000e+02,1.700680272108843383e+01,8.824422594046889376e-07,3.050991165356147783e-01
5.890000000000000000e+02,1.697792869269948923e+01,8.481945706320397671e-07,2.942565086382378792e-01
5.900000000000000000e+02,1.694915254237288238e+01,8.525982663275490779e-07,2.967894565086198200e-01
5.910000000000000000e+02,1.692047377326565183e+01,8.288389821985953072e-07,2.894977085413075746e-01
5.920000000000000000e+02,1.689189189189189122e+01,8.035169193478426347e-07,2.816037536223223170e-01
5.930000000000000000e+02,1.686340640809443414e+01,7.871004616594800850e-07,2.767830902420945205e-01
5.940000000000000000e+02,1.683501683501683388e+01,7.613363968816075775e-07,2.686268889301188789e-01
5.950000000000000000e+02,1.680672268907563094e+01,7.701493742277022588e-07,2.726521322109622947e-01
5.960000000000000000e+02,1.677852348993288700e+01,7.143794105743837873e-07,2.537589967065903007e-01
5.970000000000000000e+02,1.675041876046901024e+01,7.226315241704425925e-07,2.575523788980632611e-01
5.980000000000000000e+02,1.672240802675585414e+01,6.910345933877144551e-07,2.471167347338202314e-01
5.990000000000000000e+02,1.669449081803005086e+01,6.816651317163223252e-07,2.445821309249481545e-01
