# time / ps
-2.000000000000000000e+00
-1.979999999999999982e+00
-1.960000000000000187e+00
-1.939999999999999725e+00
-1.919999999999999929e+00
-1.899999999999999911e+00
-1.880000000000000115e+00
-1.860000000000000098e+00
-1.839999999999999858e+00
-1.819999999999999840e+00
-1.800000000000000044e+00
-1.780000000000000027e+00
-1.760000000000000009e+00
-1.739999999999999991e+00
-1.719999999999999973e+00
-1.699999999999999956e+00
-1.679999999999999938e+00
-1.659999999999999920e+00
-1.640000000000000124e+00
-1.619999999999999885e+00
-1.600000000000000089e+00
-1.579999999999999849e+00
-1.560000000000000053e+00
-1.539999999999999813e+00
-1.520000000000000018e+00
-1.500000000000000000e+00
-1.479999999999999982e+00
-1.459999999999999964e+00
-1.439999999999999947e+00
-1.419999999999999929e+00
-1.400000000000000133e+00
-1.379999999999999893e+00
-1.360000000000000098e+00
-1.339999999999999858e+00
-1.320000000000000062e+00
-1.299999999999999822e+00
-1.280000000000000027e+00
-1.260000000000000009e+00
-1.239999999999999991e+00
-1.219999999999999973e+00
-1.199999999999999956e+00
-1.179999999999999938e+00
-1.159999999999999920e+00
-1.139999999999999902e+00
-1.120000000000000107e+00
-1.099999999999999867e+00
-1.080000000000000071e+00
-1.059999999999999831e+00
-1.040000000000000036e+00
-1.020000000000000018e+00
-1.000000000000000000e+00
-9.800000000000000933e-01
-9.599999999999999645e-01
-9.400000000000000577e-01
-9.199999999999999289e-01
-9.000000000000000222e-01
-8.800000000000000044e-01
-8.599999999999999867e-01
-8.399999999999999689e-01
-8.200000000000000622e-01
-8.000000000000000444e-01
-7.800000000000000266e-01
-7.600000000000000089e-01
-7.399999999999999911e-01
-7.199999999999999734e-01
-7.000000000000000666e-01
-6.800000000000000488e-01
-6.600000000000000311e-01
-6.400000000000000133e-01
-6.199999999999999956e-01
-5.999999999999999778e-01
-5.799999999999999600e-01
-5.600000000000000533e-01
-5.400000000000000355e-01
-5.200000000000000178e-01
-5.000000000000000000e-01
-4.799999999999999822e-01
-4.599999999999999645e-01
-4.400000000000000022e-01
-4.199999999999999845e-01
-4.000000000000000222e-01
-3.800000000000000044e-01
-3.599999999999999867e-01
-3.400000000000000244e-01
-3.200000000000000067e-01
-2.999999999999999889e-01
-2.800000000000000266e-01
-2.600000000000000089e-01
-2.399999999999999911e-01
-2.200000000000000011e-01
-2.000000000000000111e-01
-1.799999999999999933e-01
-1.600000000000000033e-01
-1.400000000000000133e-01
-1.199999999999999956e-01
-1.000000000000000056e-01
-8.000000000000000167e-02
-5.999999999999999778e-02
-4.000000000000000083e-02
-2.000000000000000042e-02
4.038970000000000627e-16
2.000000000000000042e-02
4.000000000000000083e-02
5.999999999999999778e-02
8.000000000000000167e-02
1.000000000000000056e-01
1.199999999999999956e-01
1.400000000000000133e-01
1.600000000000000033e-01
1.799999999999999933e-01
2.000000000000000111e-01
2.200000000000000011e-01
2.399999999999999911e-01
2.600000000000000089e-01
2.800000000000000266e-01
2.999999999999999889e-01
3.200000000000000067e-01
3.400000000000000244e-01
3.599999999999999867e-01
3.800000000000000044e-01
4.000000000000000222e-01
4.199999999999999845e-01
4.400000000000000022e-01
4.599999999999999645e-01
4.799999999999999822e-01
5.000000000000000000e-01
5.200000000000000178e-01
5.400000000000000355e-01
5.600000000000000533e-01
5.799999999999999600e-01
5.999999999999999778e-01
6.199999999999999956e-01
6.400000000000000133e-01
6.600000000000000311e-01
6.800000000000000488e-01
7.000000000000000666e-01
7.199999999999999734e-01
7.399999999999999911e-01
7.600000000000000089e-01
7.800000000000000266e-01
8.000000000000000444e-01
8.200000000000000622e-01
8.399999999999999689e-01
8.599999999999999867e-01
8.800000000000000044e-01
9.000000000000000222e-01
9.199999999999999289e-01
9.400000000000000577e-01
9.599999999999999645e-01
9.800000000000000933e-01
1.000000000000000000e+00
1.020000000000000018e+00
1.040000000000000036e+00
1.059999999999999831e+00
1.080000000000000071e+00
1.099999999999999867e+00
1.120000000000000107e+00
1.139999999999999902e+00
1.159999999999999920e+00
1.179999999999999938e+00
1.199999999999999956e+00
1.219999999999999973e+00
1.239999999999999991e+00
1.260000000000000009e+00
1.280000000000000027e+00
1.299999999999999822e+00
1.320000000000000062e+00
1.339999999999999858e+00
1.360000000000000098e+00
1.379999999999999893e+00
1.400000000000000133e+00
1.419999999999999929e+00
1.439999999999999947e+00
1.459999999999999964e+00
1.479999999999999982e+00
1.500000000000000000e+00
1.520000000000000018e+00
1.539999999999999813e+00
1.560000000000000053e+00
1.579999999999999849e+00
1.600000000000000089e+00
1.619999999999999885e+00
1.640000000000000124e+00
1.659999999999999920e+00
1.679999999999999938e+00
1.699999999999999956e+00
1.719999999999999973e+00
1.739999999999999991e+00
1.760000000000000009e+00
1.780000000000000027e+00
1.800000000000000044e+00
1.819999999999999840e+00
1.839999999999999858e+00
1.860000000000000098e+00
1.880000000000000115e+00
1.899999999999999911e+00
1.919999999999999929e+00
1.939999999999999725e+00
1.960000000000000187e+00
1.979999999999999982e+00
2.000000000000000000e+00
2.020000000000000018e+00
2.040000000000000036e+00
2.060000000000000053e+00
2.080000000000000071e+00
2.100000000000000089e+00
2.119999999999999662e+00
2.140000000000000124e+00
2.160000000000000142e+00
2.180000000000000160e+00
2.199999999999999734e+00
2.219999999999999751e+00
2.240000000000000213e+00
2.260000000000000231e+00
2.279999999999999805e+00
2.299999999999999822e+00
2.319999999999999840e+00
2.340000000000000302e+00
2.359999999999999876e+00
2.379999999999999893e+00
2.399999999999999911e+00
2.420000000000000373e+00
2.439999999999999947e+00
2.459999999999999964e+00
2.479999999999999982e+00
2.500000000000000000e+00
2.520000000000000018e+00
2.540000000000000036e+00
2.560000000000000053e+00
2.580000000000000071e+00
2.599999999999999645e+00
2.620000000000000107e+00
2.640000000000000124e+00
2.660000000000000142e+00
2.679999999999999716e+00
2.699999999999999734e+00
2.720000000000000195e+00
2.740000000000000213e+00
2.759999999999999787e+00
2.779999999999999805e+00
2.800000000000000266e+00
2.820000000000000284e+00
2.839999999999999858e+00
2.859999999999999876e+00
2.879999999999999893e+00
2.900000000000000355e+00
2.919999999999999929e+00
2.939999999999999947e+00
2.959999999999999964e+00
2.979999999999999982e+00
3.000000000000000000e+00
3.112340000000000106e+00
3.228900000000000325e+00
3.349809999999999732e+00
3.475260000000000016e+00
3.605399999999999938e+00
3.740409999999999791e+00
3.880479999999999485e+00
4.025800000000000267e+00
4.176560000000000272e+00
4.332959999999999923e+00
4.495230000000000281e+00
4.663560000000000372e+00
4.838210000000000122e+00
5.019390000000000462e+00
5.207349999999999923e+00
5.402359999999999829e+00
5.604669999999999597e+00
5.814549999999999663e+00
6.032299999999999329e+00
6.258189999999999920e+00
6.492550000000000487e+00
6.735679999999999445e+00
6.987920000000000798e+00
7.249610000000000554e+00
7.521089999999999165e+00
7.802740000000000009e+00
8.094939999999999358e+00
8.398080000000000211e+00
8.712569999999999482e+00
9.038839999999998653e+00
9.377330000000000609e+00
9.728490000000000748e+00
1.009280000000000044e+01
1.047080000000000055e+01
1.086289999999999978e+01
1.126970000000000027e+01
1.169169999999999909e+01
1.212950000000000017e+01
1.258380000000000010e+01
1.305499999999999972e+01
1.354390000000000072e+01
1.405109999999999992e+01
1.457729999999999926e+01
1.512320000000000064e+01
1.568949999999999889e+01
1.627700000000000102e+01
1.688660000000000139e+01
1.751889999999999858e+01
1.817500000000000071e+01
1.885559999999999903e+01
1.956170000000000186e+01
2.029429999999999978e+01
2.105419999999999803e+01
2.184270000000000067e+01
2.266069999999999851e+01
2.350929999999999964e+01
2.438960000000000150e+01
2.530300000000000082e+01
2.625050000000000239e+01
2.723359999999999914e+01
2.825339999999999918e+01
2.931139999999999901e+01
3.040909999999999869e+01
3.154789999999999850e+01
3.272930000000000206e+01
3.395490000000000208e+01
3.522650000000000148e+01
3.654560000000000031e+01
3.791420000000000101e+01
3.933399999999999608e+01
4.080700000000000216e+01
4.233510000000000417e+01
4.392049999999999699e+01
4.556530000000000058e+01
4.727159999999999940e+01
4.904179999999999495e+01
5.087829999999999586e+01
5.278359999999999985e+01
5.476030000000000086e+01
5.681099999999999994e+01
5.893840000000000146e+01
6.114559999999999462e+01
6.343530000000000513e+01
6.581090000000000373e+01
6.827540000000000475e+01
7.083220000000000027e+01
7.348470000000000368e+01
7.623659999999999570e+01
7.909149999999999636e+01
8.205329999999999302e+01
8.512600000000000477e+01
8.831380000000000052e+01
9.162099999999999511e+01
9.505209999999999582e+01
9.861159999999999570e+01
1.023039999999999878e+02
1.061359999999999957e+02
1.101099999999999994e+02
1.142339999999999947e+02
1.185109999999999957e+02
1.229489999999999839e+02
1.275540000000000020e+02
1.323299999999999841e+02
1.372860000000000014e+02
1.424269999999999925e+02
1.477599999999999909e+02
1.532940000000000111e+02
1.590339999999999918e+02
1.649899999999999807e+02
1.711680000000000064e+02
1.775780000000000030e+02
1.842280000000000086e+02
1.911269999999999811e+02
1.982849999999999966e+02
2.057100000000000080e+02
2.134139999999999873e+02
2.214060000000000059e+02
2.296970000000000027e+02
2.382979999999999734e+02
2.472220000000000084e+02
2.564799999999999613e+02
2.660850000000000364e+02
2.760489999999999782e+02
2.863870000000000005e+02
2.971119999999999663e+02
3.082379999999999995e+02
3.197810000000000059e+02
3.317560000000000286e+02
3.441800000000000068e+02
3.570680000000000405e+02
3.704399999999999977e+02
3.843120000000000118e+02
3.987040000000000077e+02
4.136349999999999909e+02
4.291250000000000000e+02
4.451949999999999932e+02
4.618659999999999854e+02
4.791620000000000346e+02
4.971059999999999945e+02
5.157219999999999800e+02
5.350339999999999918e+02
5.550700000000000500e+02
5.758569999999999709e+02
5.974220000000000255e+02
6.197939999999999827e+02
6.430040000000000191e+02
6.670829999999999700e+02
6.920639999999999645e+02
7.179809999999999945e+02
7.448680000000000518e+02
7.727620000000000573e+02
8.017000000000000455e+02
8.317219999999999800e+02
8.628690000000000282e+02
8.951820000000000164e+02
9.287040000000000646e+02
9.634829999999999472e+02
9.995629999999999882e+02
1.037000000000000000e+03
1.075829999999999927e+03
1.116120000000000118e+03
1.157910000000000082e+03
1.201269999999999982e+03
1.246259999999999991e+03
1.292930000000000064e+03
1.341349999999999909e+03
1.391580000000000155e+03
1.443690000000000055e+03
1.497750000000000000e+03
1.553840000000000146e+03
1.612029999999999973e+03
1.672399999999999864e+03
1.735029999999999973e+03
1.800000000000000000e+03
