# wavelength / nm
2.735498314064448095e+02
2.744938314306981511e+02
2.754378314549514926e+02
2.763818314792048341e+02
2.773258315034581756e+02
2.782698315277115171e+02
2.792138315519648586e+02
2.801578315762182001e+02
2.811018316004715416e+02
2.820458316247248831e+02
2.829898316489782246e+02
2.839338316732315661e+02
2.848778316974849076e+02
2.858218317217382491e+02
2.867658317459915907e+02
2.877098317702449322e+02
2.886538317944982737e+02
2.895978318187516152e+02
2.905418318430049567e+02
2.914858318672582982e+02
2.924298318915116397e+02
2.933738319157649812e+02
2.943178319400183227e+02
2.952618319642716642e+02
2.962058319885250057e+02
2.971498320127783472e+02
2.980938320370316887e+02
2.990378320612850302e+02
2.999818320855383718e+02
3.009258321097917133e+02
3.018698321340450548e+02
3.028138321582983963e+02
3.037578321825517378e+02
3.047018322068050793e+02
3.056458322310584208e+02
3.065898322553117623e+02
3.075338322795651038e+02
3.084778323038184453e+02
3.094218323280717868e+02
3.103658323523251283e+02
3.113098323765784698e+02
3.122538324008318114e+02
3.131978324250851529e+02
3.141418324493384944e+02
3.150858324735918359e+02
3.160298324978451774e+02
3.169738325220985189e+02
3.179178325463518604e+02
3.188618325706052019e+02
3.198058325948585434e+02
3.207498326191118849e+02
3.216938326433652264e+02
3.226378326676185679e+02
3.235818326918719094e+02
3.245258327161252510e+02
3.254698327403785925e+02
3.264138327646319340e+02
3.273578327888852755e+02
3.283018328131386170e+02
3.292458328373919585e+02
3.301898328616453000e+02
3.311338328858986415e+02
3.320778329101519830e+02
3.330218329344053245e+02
3.339658329586586660e+02
3.349098329829120075e+02
3.358538330071653490e+02
3.367978330314186906e+02
3.377418330556720321e+02
3.386858330799253736e+02
3.396298331041787151e+02
3.405738331284320566e+02
3.415178331526853981e+02
3.424618331769387396e+02
3.434058332011920811e+02
3.443498332254454226e+02
3.452938332496987641e+02
3.462378332739521056e+02
3.471818332982054471e+02
3.481258333224587886e+02
3.490698333467121302e+02
3.500138333709655285e+02
3.509578333952188700e+02
3.519018334194722115e+02
3.528458334437255530e+02
3.537898334679788945e+02
3.547338334922322360e+02
3.556778335164855775e+02
3.566218335407389191e+02
3.575658335649922606e+02
3.585098335892456021e+02
3.594538336134989436e+02
3.603978336377522851e+02
3.613418336620056266e+02
3.622858336862589681e+02
3.632298337105123096e+02
3.641738337347656511e+02
3.651178337590189926e+02
3.660618337832723341e+02
3.670058338075256756e+02
3.679498338317790171e+02
3.688938338560323587e+02
3.698378338802857002e+02
3.707818339045390417e+02
3.717258339287923832e+02
3.726698339530457247e+02
3.736138339772990662e+02
3.745578340015524077e+02
3.755018340258057492e+02
3.764458340500590907e+02
3.773898340743124322e+02
3.783338340985657737e+02
3.792778341228191152e+02
3.802218341470724567e+02
3.811658341713257983e+02
3.821098341955791398e+02
3.830538342198324813e+02
3.839978342440858228e+02
3.849418342683391643e+02
3.858858342925925058e+02
3.868298343168458473e+02
3.877738343410991888e+02
3.887178343653525303e+02
3.896618343896058718e+02
3.906058344138592133e+02
3.915498344381125548e+02
3.924938344623658963e+02
3.934378344866192379e+02
3.943818345108725794e+02
3.953258345351259209e+02
3.962698345593792624e+02
3.972138345836326039e+02
3.981578346078859454e+02
3.991018346321392869e+02
4.000458346563926284e+02
4.009898346806459699e+02
4.019338347048993114e+02
4.028778347291526529e+02
4.038218347534059944e+02
4.047658347776593359e+02
4.057098348019126774e+02
4.066538348261660190e+02
4.075978348504193605e+02
4.085418348746727020e+02
4.094858348989260435e+02
4.104298349231793850e+02
4.113738349474327265e+02
4.123178349716860680e+02
4.132618349959394095e+02
4.142058350201927510e+02
4.151498350444460925e+02
4.160938350686994340e+02
4.170378350929527755e+02
4.179818351172061170e+02
4.189258351414594586e+02
4.198698351657128001e+02
4.208138351899661416e+02
4.217578352142194831e+02
4.227018352384728246e+02
4.236458352627261661e+02
4.245898352869795076e+02
4.255338353112329060e+02
4.264778353354862475e+02
4.274218353597395890e+02
4.283658353839929305e+02
4.293098354082462720e+02
4.302538354324996135e+02
4.311978354567529550e+02
4.321418354810062965e+02
4.330858355052596380e+02
4.340298355295129795e+02
4.349738355537663210e+02
4.359178355780196625e+02
4.368618356022730040e+02
4.378058356265263455e+02
4.387498356507796871e+02
4.396938356750330286e+02
4.406378356992863701e+02
4.415818357235397116e+02
4.425258357477930531e+02
4.434698357720463946e+02
4.444138357962997361e+02
4.453578358205530776e+02
4.463018358448064191e+02
4.472458358690597606e+02
4.481898358933131021e+02
4.491338359175664436e+02
4.500778359418197851e+02
4.510218359660731267e+02
4.519658359903264682e+02
4.529098360145798097e+02
4.538538360388331512e+02
4.547978360630864927e+02
4.557418360873398342e+02
4.566858361115931757e+02
4.576298361358465172e+02
4.585738361600998587e+02
4.595178361843532002e+02
4.604618362086065417e+02
4.614058362328598832e+02
4.623498362571132247e+02
4.632938362813665663e+02
4.642378363056199078e+02
4.651818363298732493e+02
4.661258363541265908e+02
4.670698363783799323e+02
4.680138364026332738e+02
4.689578364268866153e+02
4.699018364511399568e+02
4.708458364753932983e+02
4.717898364996466398e+02
4.727338365238999813e+02
4.736778365481533228e+02
4.746218365724066643e+02
4.755658365966600059e+02
4.765098366209133474e+02
4.774538366451666889e+02
4.783978366694200304e+02
4.793418366936733719e+02
4.802858367179267134e+02
4.812298367421800549e+02
4.821738367664333964e+02
4.831178367906867379e+02
4.840618368149400794e+02
4.850058368391934209e+02
4.859498368634467624e+02
4.868938368877001039e+02
4.878378369119534455e+02
4.887818369362067870e+02
4.897258369604601285e+02
4.906698369847134700e+02
4.916138370089668115e+02
4.925578370332201530e+02
4.935018370574734945e+02
4.944458370817268360e+02
4.953898371059801775e+02
4.963338371302335190e+02
4.972778371544868605e+02
4.982218371787402020e+02
4.991658372029935435e+02
5.001098372272468850e+02
5.010538372515002266e+02
5.019978372757535681e+02
5.029418373000069096e+02
5.038858373242602511e+02
5.048298373485135926e+02
5.057738373727669341e+02
5.067178373970202756e+02
5.076618374212736171e+02
5.086058374455269586e+02
5.095498374697803001e+02
5.104938374940336416e+02
5.114378375182869831e+02
5.123818375425403246e+02
5.133258375667936662e+02
5.142698375910470077e+02
5.152138376153003492e+02
5.161578376395536907e+02
5.171018376638070322e+02
5.180458376880603737e+02
5.189898377123137152e+02
5.199338377365670567e+02
5.208778377608203982e+02
5.218218377850737397e+02
5.227658378093270812e+02
5.237098378335804227e+02
5.246538378578337642e+02
5.255978378820871058e+02
5.265418379063404473e+02
5.274858379305937888e+02
5.284298379548471303e+02
5.293738379791004718e+02
5.303178380033538133e+02
5.312618380276071548e+02
5.322058380518604963e+02
5.331498380761138378e+02
5.340938381003671793e+02
5.350378381246205208e+02
5.359818381488738623e+02
5.369258381731272038e+02
5.378698381973805454e+02
5.388138382216338869e+02
5.397578382458872284e+02
5.407018382701405699e+02
5.416458382943939114e+02
5.425898383186472529e+02
5.435338383429005944e+02
5.444778383671539359e+02
5.454218383914072774e+02
5.463658384156606189e+02
5.473098384399139604e+02
5.482538384641673019e+02
5.491978384884206434e+02
5.501418385126739850e+02
5.510858385369273265e+02
5.520298385611806680e+02
5.529738385854340095e+02
5.539178386096873510e+02
5.548618386339406925e+02
5.558058386581940340e+02
5.567498386824473755e+02
5.576938387067007170e+02
5.586378387309540585e+02
5.595818387552074000e+02
5.605258387794607415e+02
5.614698388037140830e+02
5.624138388279674245e+02
5.633578388522207661e+02
5.643018388764741076e+02
5.652458389007274491e+02
5.661898389249807906e+02
5.671338389492341321e+02
5.680778389734874736e+02
5.690218389977408151e+02
5.699658390219941566e+02
5.709098390462474981e+02
5.718538390705008396e+02
5.727978390947541811e+02
5.737418391190075226e+02
5.746858391432608641e+02
5.756298391675142057e+02
5.765738391917675472e+02
5.775178392160210024e+02
5.784618392402742302e+02
5.794058392645276854e+02
5.803498392887809132e+02
5.812938393130343684e+02
5.822378393372875962e+02
5.831818393615410514e+02
5.841258393857942792e+02
5.850698394100477344e+02
5.860138394343009622e+02
5.869578394585544174e+02
5.879018394828076453e+02
5.888458395070611004e+02
5.897898395313143283e+02
5.907338395555677835e+02
5.916778395798210113e+02
5.926218396040744665e+02
5.935658396283276943e+02
5.945098396525811495e+02
5.954538396768343773e+02
5.963978397010878325e+02
5.973418397253410603e+02
5.982858397495945155e+02
5.992298397738477433e+02
6.001738397981011985e+02
6.011178398223544264e+02
6.020618398466078816e+02
6.030058398708611094e+02
6.039498398951145646e+02
6.048938399193677924e+02
6.058378399436212476e+02
6.067818399678744754e+02
6.077258399921279306e+02
6.086698400163811584e+02
6.096138400406346136e+02
6.105578400648878414e+02
6.115018400891412966e+02
6.124458401133945245e+02
6.133898401376479796e+02
6.143338401619012075e+02
6.152778401861546627e+02
6.162218402104078905e+02
6.171658402346613457e+02
6.181098402589145735e+02
6.190538402831680287e+02
6.199978403074212565e+02
6.209418403316747117e+02
6.218858403559279395e+02
6.228298403801813947e+02
6.237738404044346225e+02
6.247178404286880777e+02
6.256618404529413056e+02
6.266058404771947608e+02
6.275498405014479886e+02
6.284938405257014438e+02
6.294378405499546716e+02
6.303818405742081268e+02
6.313258405984613546e+02
6.322698406227148098e+02
6.332138406469680376e+02
6.341578406712214928e+02
6.351018406954747206e+02
6.360458407197281758e+02
6.369898407439814036e+02
6.379338407682348588e+02
6.388778407924880867e+02
6.398218408167415419e+02
6.407658408409947697e+02
6.417098408652482249e+02
6.426538408895014527e+02
6.435978409137549079e+02
6.445418409380081357e+02
6.454858409622615909e+02
6.464298409865148187e+02
6.473738410107682739e+02
6.483178410350215017e+02
6.492618410592749569e+02
6.502058410835281848e+02
6.511498411077816399e+02
6.520938411320348678e+02
6.530378411562883230e+02
6.539818411805415508e+02
6.549258412047950060e+02
6.558698412290482338e+02
6.568138412533016890e+02
6.577578412775549168e+02
6.587018413018083720e+02
6.596458413260615998e+02
6.605898413503150550e+02
6.615338413745682828e+02
6.624778413988217380e+02
6.634218414230749659e+02
6.643658414473284211e+02
6.653098414715816489e+02
6.662538414958351041e+02
6.671978415200883319e+02
6.681418415443417871e+02
6.690858415685950149e+02
6.700298415928484701e+02
6.709738416171016979e+02
6.719178416413551531e+02
6.728618416656083809e+02
6.738058416898618361e+02
6.747498417141150640e+02
6.756938417383685191e+02
6.766378417626217470e+02
6.775818417868752022e+02
6.785258418111284300e+02
6.794698418353818852e+02
6.804138418596351130e+02
6.813578418838885682e+02
6.823018419081417960e+02
6.832458419323952512e+02
6.841898419566484790e+02
6.851338419809019342e+02
6.860778420051551620e+02
6.870218420294086172e+02
6.879658420536618451e+02
6.889098420779153003e+02
6.898538421021685281e+02
6.907978421264219833e+02
6.917418421506752111e+02
6.926858421749286663e+02
6.936298421991818941e+02
6.945738422234353493e+02
6.955178422476885771e+02
6.964618422719420323e+02
6.974058422961953738e+02
6.983498423204487153e+02
6.992938423447020568e+02
7.002378423689553983e+02
7.011818423932087398e+02
7.021258424174620814e+02
7.030698424417154229e+02
7.040138424659687644e+02
7.049578424902221059e+02
7.059018425144754474e+02
7.068458425387287889e+02
7.077898425629821304e+02
7.087338425872354719e+02
7.096778426114888134e+02
7.106218426357421549e+02
7.115658426599954964e+02
7.125098426842488379e+02
7.134538427085021794e+02
7.143978427327555210e+02
7.153418427570088625e+02
7.162858427812622040e+02
7.172298428055155455e+02
7.181738428297688870e+02
7.191178428540222285e+02
7.200618428782755700e+02
7.210058429025289115e+02
7.219498429267822530e+02
7.228938429510355945e+02
7.238378429752889360e+02
7.247818429995422775e+02
7.257258430237956190e+02
7.266698430480489606e+02
7.276138430723023021e+02
7.285578430965556436e+02
7.295018431208089851e+02
7.304458431450623266e+02
7.313898431693156681e+02
7.323338431935690096e+02
7.332778432178223511e+02
7.342218432420756926e+02
7.351658432663290341e+02
7.361098432905823756e+02
7.370538433148357171e+02
7.379978433390890586e+02
7.389418433633424002e+02
7.398858433875957417e+02
7.408298434118490832e+02
7.417738434361024247e+02
7.427178434603557662e+02
7.436618434846091077e+02
7.446058435088624492e+02
7.455498435331157907e+02
7.464938435573691322e+02
7.474378435816224737e+02
7.483818436058758152e+02
7.493258436301291567e+02
7.502698436543824982e+02
7.512138436786358398e+02
7.521578437028891813e+02
7.531018437271425228e+02
7.540458437513958643e+02
7.549898437756492058e+02
7.559338437999025473e+02
7.568778438241558888e+02
7.578218438484092303e+02
7.587658438726625718e+02
7.597098438969159133e+02
7.606538439211692548e+02
7.615978439454225963e+02
7.625418439696759378e+02
7.634858439939292793e+02
