# wavelength / nm, time resolution / fs
3.560000000000000000e+02,3.227860659326355517e+02
3.580000000000000000e+02,3.049435526271133199e+02
3.680000000000000000e+02,2.666195555351285975e+02
3.710000000000000000e+02,2.647847669884824882e+02
3.720000000000000000e+02,2.648762854848171173e+02
3.730000000000000000e+02,2.613451195972208438e+02
3.740000000000000000e+02,2.630508632192098730e+02
3.750000000000000000e+02,2.615937544555320073e+02
3.760000000000000000e+02,2.594114816921256192e+02
3.770000000000000000e+02,2.581581619340348652e+02
3.780000000000000000e+02,2.572923090852532937e+02
3.790000000000000000e+02,2.580945558736389671e+02
3.800000000000000000e+02,2.547671373353051081e+02
3.810000000000000000e+02,2.546316835105291148e+02
3.820000000000000000e+02,2.521815931729541944e+02
3.830000000000000000e+02,2.511543903998230576e+02
3.840000000000000000e+02,2.536258759479898117e+02
3.850000000000000000e+02,2.493510208379585436e+02
3.860000000000000000e+02,2.511347255673500172e+02
3.870000000000000000e+02,2.480958838059690663e+02
3.880000000000000000e+02,2.483919135091242936e+02
3.890000000000000000e+02,2.463398813378726118e+02
3.910000000000000000e+02,2.439219577998818238e+02
3.920000000000000000e+02,2.419221299573650015e+02
3.940000000000000000e+02,2.403790934272895470e+02
3.950000000000000000e+02,2.396693876056557428e+02
3.970000000000000000e+02,2.377789850483035536e+02
3.980000000000000000e+02,2.358979705246770209e+02
3.990000000000000000e+02,2.359886649359536079e+02
4.000000000000000000e+02,2.331737406013757550e+02
4.010000000000000000e+02,2.320905524424592841e+02
4.020000000000000000e+02,2.317266097729111891e+02
4.030000000000000000e+02,2.301974252888850287e+02
4.040000000000000000e+02,2.300194346468391018e+02
4.050000000000000000e+02,2.288641794192356826e+02
4.060000000000000000e+02,2.283712910518256933e+02
4.070000000000000000e+02,2.276278897348605028e+02
4.080000000000000000e+02,2.272995890719527097e+02
4.090000000000000000e+02,2.260687646861046289e+02
4.100000000000000000e+02,2.237109824612422528e+02
4.110000000000000000e+02,2.228588294445364397e+02
4.120000000000000000e+02,2.213959989229894347e+02
4.130000000000000000e+02,2.229009082572385978e+02
4.140000000000000000e+02,2.213207538996594792e+02
4.150000000000000000e+02,2.199101245189869758e+02
4.160000000000000000e+02,2.195548342562959760e+02
4.170000000000000000e+02,2.187386464555876842e+02
4.180000000000000000e+02,2.177018105041540537e+02
4.190000000000000000e+02,2.184367802671989978e+02
4.200000000000000000e+02,2.163549428622385733e+02
4.210000000000000000e+02,2.161176566873094487e+02
4.220000000000000000e+02,2.152916545599794063e+02
4.230000000000000000e+02,2.149095029715041676e+02
4.240000000000000000e+02,2.140917567401086501e+02
4.250000000000000000e+02,2.134667240959992398e+02
4.260000000000000000e+02,2.124823340225725872e+02
4.270000000000000000e+02,2.102679183665031246e+02
4.280000000000000000e+02,2.080835253139929648e+02
4.290000000000000000e+02,2.072049091437200730e+02
4.300000000000000000e+02,2.067817078478188648e+02
4.310000000000000000e+02,2.047950556423671173e+02
4.320000000000000000e+02,2.045507250303119804e+02
4.330000000000000000e+02,2.039878735872933078e+02
4.340000000000000000e+02,2.023302249148025282e+02
4.350000000000000000e+02,2.022800758678978070e+02
4.360000000000000000e+02,2.020622978349616403e+02
4.370000000000000000e+02,2.021122335698153449e+02
4.380000000000000000e+02,2.016283711315214759e+02
4.390000000000000000e+02,2.004614727912354510e+02
4.400000000000000000e+02,1.993033204586664908e+02
4.410000000000000000e+02,1.986109057528364872e+02
4.420000000000000000e+02,1.986958227017984200e+02
4.430000000000000000e+02,1.967353083670037677e+02
4.440000000000000000e+02,1.946685101625246830e+02
4.450000000000000000e+02,1.934267019211018237e+02
4.460000000000000000e+02,1.930952816953681008e+02
4.470000000000000000e+02,1.919823535135009251e+02
4.480000000000000000e+02,1.916312588673422113e+02
4.490000000000000000e+02,1.887485980815152118e+02
4.500000000000000000e+02,1.864247474391039532e+02
4.510000000000000000e+02,1.859684972019854854e+02
4.520000000000000000e+02,1.858649265290345625e+02
4.530000000000000000e+02,1.823515741815142519e+02
4.540000000000000000e+02,1.808506167919326231e+02
4.550000000000000000e+02,1.798812837698299916e+02
4.560000000000000000e+02,1.805669705655689654e+02
4.570000000000000000e+02,1.799090688319343485e+02
4.580000000000000000e+02,1.784885790315995564e+02
4.590000000000000000e+02,1.766755473987355742e+02
4.600000000000000000e+02,1.747533777442267819e+02
4.610000000000000000e+02,1.748878825433675672e+02
4.620000000000000000e+02,1.733011146151678759e+02
4.630000000000000000e+02,1.736284236638664993e+02
4.640000000000000000e+02,1.718011162104859864e+02
4.650000000000000000e+02,1.731465217731747828e+02
4.660000000000000000e+02,1.710258402376848892e+02
4.670000000000000000e+02,1.703446033993793662e+02
4.680000000000000000e+02,1.704256750108088738e+02
4.690000000000000000e+02,1.687971861076968025e+02
4.700000000000000000e+02,1.684059142578277601e+02
4.710000000000000000e+02,1.677133493232688011e+02
4.720000000000000000e+02,1.658978790455247463e+02
4.730000000000000000e+02,1.646667986001828297e+02
4.740000000000000000e+02,1.641077849606079724e+02
4.750000000000000000e+02,1.622821707437997532e+02
4.760000000000000000e+02,1.621208795665993989e+02
4.770000000000000000e+02,1.595219202865066848e+02
4.780000000000000000e+02,1.582459524509628466e+02
4.790000000000000000e+02,1.573984192734719159e+02
4.800000000000000000e+02,1.564136906497295456e+02
4.810000000000000000e+02,1.564768913616695443e+02
4.820000000000000000e+02,1.546321355461143980e+02
4.830000000000000000e+02,1.548976303723506760e+02
4.840000000000000000e+02,1.534650770465556207e+02
4.850000000000000000e+02,1.528967245238228827e+02
4.860000000000000000e+02,1.515608840457264819e+02
4.870000000000000000e+02,1.511649318611856359e+02
4.880000000000000000e+02,1.506996305127535720e+02
5.240000000000000000e+02,1.281625035102597678e+02
5.250000000000000000e+02,1.269498404142010202e+02
5.260000000000000000e+02,1.270102941518711503e+02
5.270000000000000000e+02,1.260868344312591205e+02
5.280000000000000000e+02,1.257785126076367845e+02
5.290000000000000000e+02,1.265234489072013560e+02
5.300000000000000000e+02,1.262957856748663517e+02
5.310000000000000000e+02,1.269543419551194035e+02
5.320000000000000000e+02,1.274824015299782758e+02
5.330000000000000000e+02,1.273929460687647293e+02
5.340000000000000000e+02,1.293263018995950802e+02
5.350000000000000000e+02,1.298278464965956118e+02
5.360000000000000000e+02,1.298501801171815941e+02
5.370000000000000000e+02,1.305494282895441529e+02
5.380000000000000000e+02,1.306854419292635896e+02
5.390000000000000000e+02,1.310541287965351387e+02
5.400000000000000000e+02,1.303496820976207289e+02
5.410000000000000000e+02,1.299697881179066030e+02
5.420000000000000000e+02,1.310541848453670184e+02
5.430000000000000000e+02,1.293016996311139621e+02
5.440000000000000000e+02,1.297937377361425604e+02
5.510000000000000000e+02,1.244705817133093717e+02
5.520000000000000000e+02,1.236650353492459260e+02
5.530000000000000000e+02,1.216454919606330805e+02
5.540000000000000000e+02,1.213202020507989829e+02
5.550000000000000000e+02,1.199058730325102431e+02
5.560000000000000000e+02,1.199595352486932569e+02
5.570000000000000000e+02,1.203077219524216588e+02
5.580000000000000000e+02,1.200635507985047923e+02
6.310000000000000000e+02,1.079011549139875825e+02
6.320000000000000000e+02,1.086608877222945893e+02
6.330000000000000000e+02,1.073620950814974719e+02
6.340000000000000000e+02,1.090774951479492643e+02
6.350000000000000000e+02,1.079787355359352148e+02
6.360000000000000000e+02,1.055787597747412718e+02
6.370000000000000000e+02,1.071814935422393233e+02
6.380000000000000000e+02,1.052619658162341665e+02
6.390000000000000000e+02,1.050536595097281491e+02
6.400000000000000000e+02,1.029684163989530816e+02
6.410000000000000000e+02,1.034007567738640745e+02
6.420000000000000000e+02,1.007604469567385763e+02
6.430000000000000000e+02,1.003281384703973060e+02
6.440000000000000000e+02,1.007498735097895235e+02
6.450000000000000000e+02,9.822972485547069255e+01
6.460000000000000000e+02,9.884975783689044704e+01
6.470000000000000000e+02,1.007916464675016783e+02
6.480000000000000000e+02,1.005705854088617315e+02
6.490000000000000000e+02,1.003012147967587424e+02
6.500000000000000000e+02,9.536715247793662797e+01
6.510000000000000000e+02,9.937091482240388984e+01
6.520000000000000000e+02,1.009697251240698250e+02
6.530000000000000000e+02,1.047082736338867903e+02
6.540000000000000000e+02,1.082261076904077015e+02
6.550000000000000000e+02,1.069656656361265163e+02
6.580000000000000000e+02,1.043200032520468739e+02
6.860000000000000000e+02,1.484170838816060041e+02
6.880000000000000000e+02,1.629139765270460032e+02
6.890000000000000000e+02,1.520149145699402027e+02
6.900000000000000000e+02,1.674357091112023568e+02
6.910000000000000000e+02,1.704735787900807793e+02
6.920000000000000000e+02,1.685685797415479783e+02
6.930000000000000000e+02,1.640401422118902417e+02
6.940000000000000000e+02,1.647130374476968484e+02
6.950000000000000000e+02,1.706328917151377311e+02
6.960000000000000000e+02,1.516673292226539616e+02
6.970000000000000000e+02,1.406637152954365320e+02
6.980000000000000000e+02,1.440708923942505635e+02
