   3.0080000e+02   1.6981428e+00
   3.0180000e+02   1.6686081e+00
   3.0280000e+02   1.6798711e+00
   3.0380000e+02   1.6746877e+00
   3.0480000e+02   1.6712441e+00
   3.0580000e+02   1.6509112e+00
   3.0680000e+02   1.6528666e+00
   3.0780000e+02   1.6246249e+00
   3.0880000e+02   1.6322459e+00
   3.0980000e+02   1.6414250e+00
   3.1080000e+02   1.6330184e+00
   3.1180000e+02   1.6096252e+00
   3.1280000e+02   1.6189634e+00
   3.1380000e+02   1.5992974e+00
   3.1480000e+02   1.6237968e+00
   3.1580000e+02   1.5908198e+00
   3.1680000e+02   1.5819991e+00
   3.1780000e+02   1.5517176e+00
   3.1880000e+02   1.5538792e+00
   3.1980000e+02   1.5675266e+00
   3.2080000e+02   1.5294219e+00
   3.2180000e+02   1.5333373e+00
   3.2280000e+02   1.5024061e+00
   3.2380000e+02   1.5259902e+00
   3.2480000e+02   1.4900150e+00
   3.2580000e+02   1.4901651e+00
   3.2680000e+02   1.4538942e+00
   3.2780000e+02   1.4732666e+00
   3.2880000e+02   1.4441492e+00
   3.2980000e+02   1.4213194e+00
   3.3080000e+02   1.4388507e+00
   3.3180000e+02   1.3995620e+00
   3.3280000e+02   1.3884174e+00
   3.3380000e+02   1.3815932e+00
   3.3480000e+02   1.3736000e+00
   3.3580000e+02   1.3580935e+00
   3.3680000e+02   1.3548173e+00
   3.3780000e+02   1.3404695e+00
   3.3880000e+02   1.3310369e+00
   3.3980000e+02   1.3044936e+00
   3.4080000e+02   1.2889314e+00
   3.4180000e+02   1.2881611e+00
   3.4280000e+02   1.2657704e+00
   3.4380000e+02   1.2642426e+00
   3.4480000e+02   1.2499669e+00
   3.4580000e+02   1.2396320e+00
   3.4680000e+02   1.2306359e+00
   3.4780000e+02   1.2162911e+00
   3.4880000e+02   1.2058101e+00
   3.4980000e+02   1.1955905e+00
   3.5080000e+02   1.1801443e+00
   3.5180000e+02   1.1822695e+00
   3.5280000e+02   1.1633419e+00
   3.5380000e+02   1.1632920e+00
   3.5480000e+02   1.1548265e+00
   3.5580000e+02   1.1405836e+00
   3.5680000e+02   1.1369684e+00
   3.5780000e+02   1.1243509e+00
   3.5880000e+02   1.1239300e+00
   3.5980000e+02   1.1164184e+00
   3.6080000e+02   1.1047105e+00
   3.6180000e+02   1.0986492e+00
   3.6280000e+02   1.0969485e+00
   3.6380000e+02   1.0860298e+00
   3.6480000e+02   1.0810513e+00
   3.6580000e+02   1.0829043e+00
   3.6680000e+02   1.0765462e+00
   3.6780000e+02   1.0697754e+00
   3.6880000e+02   1.0650206e+00
   3.6980000e+02   1.0589639e+00
   3.7080000e+02   1.0514703e+00
   3.7180000e+02   1.0497865e+00
   3.7280000e+02   1.0448245e+00
   3.7380000e+02   1.0405622e+00
   3.7480000e+02   1.0340671e+00
   3.7580000e+02   1.0328300e+00
   3.7680000e+02   1.0291590e+00
   3.7780000e+02   1.0238564e+00
   3.7880000e+02   1.0176070e+00
   3.7980000e+02   1.0229416e+00
   3.8080000e+02   1.0103827e+00
   3.8180000e+02   1.0065876e+00
   3.8280000e+02   1.0050442e+00
   3.8380000e+02   1.0006044e+00
   3.8480000e+02   1.0000000e+00
   3.8580000e+02   1.0038548e+00
   3.8680000e+02   1.0041111e+00
   3.8780000e+02   1.0085402e+00
   3.8880000e+02   1.0074976e+00
   3.8980000e+02   1.0134910e+00
   3.9080000e+02   1.0150791e+00
   3.9180000e+02   1.0194702e+00
   3.9280000e+02   1.0198091e+00
   3.9380000e+02   1.0285307e+00
   3.9480000e+02   1.0317926e+00
   3.9580000e+02   1.0287468e+00
   3.9680000e+02   1.0376216e+00
   3.9780000e+02   1.0379606e+00
   3.9880000e+02   1.0452039e+00
   3.9980000e+02   1.0429070e+00
   4.0080000e+02   1.0483999e+00
   4.0180000e+02   1.0524129e+00
   4.0280000e+02   1.0477631e+00
   4.0380000e+02   1.0590812e+00
   4.0480000e+02   1.0537975e+00
   4.0580000e+02   1.0585985e+00
   4.0680000e+02   1.0589922e+00
   4.0780000e+02   1.0659863e+00
   4.0880000e+02   1.0683109e+00
   4.0980000e+02   1.0700515e+00
   4.1080000e+02   1.0694924e+00
   4.1180000e+02   1.0695616e+00
   4.1280000e+02   1.0699661e+00
   4.1380000e+02   1.0678135e+00
   4.1480000e+02   1.0734739e+00
   4.1580000e+02   1.0780630e+00
   4.1680000e+02   1.0747499e+00
   4.1780000e+02   1.0763622e+00
   4.1880000e+02   1.0742694e+00
   4.1980000e+02   1.0800280e+00
   4.2080000e+02   1.0806119e+00
   4.2180000e+02   1.0793104e+00
   4.2280000e+02   1.0789215e+00
   4.2380000e+02   1.0797202e+00
   4.2480000e+02   1.0834409e+00
   4.2580000e+02   1.0817142e+00
   4.2680000e+02   1.0838905e+00
   4.2780000e+02   1.0834669e+00
   4.2880000e+02   1.0870587e+00
   4.2980000e+02   1.0882639e+00
   4.3080000e+02   1.0913516e+00
   4.3180000e+02   1.0910548e+00
   4.3280000e+02   1.0978611e+00
   4.3380000e+02   1.0982850e+00
   4.3480000e+02   1.1031017e+00
   4.3580000e+02   1.1076395e+00
   4.3680000e+02   1.1123956e+00
   4.3780000e+02   1.1155045e+00
   4.3880000e+02   1.1236737e+00
   4.3980000e+02   1.1308389e+00
   4.4080000e+02   1.1412797e+00
   4.4180000e+02   1.1452586e+00
   4.4280000e+02   1.1565771e+00
   4.4380000e+02   1.1656160e+00
   4.4480000e+02   1.1777075e+00
   4.4580000e+02   1.1874513e+00
   4.4680000e+02   1.1982038e+00
   4.4780000e+02   1.2062380e+00
   4.4880000e+02   1.2194768e+00
   4.4980000e+02   1.2307983e+00
   4.5080000e+02   1.2302596e+00
   4.5180000e+02   1.2542494e+00
   4.5280000e+02   1.2674963e+00
   4.5380000e+02   1.2785823e+00
   4.5480000e+02   1.2920688e+00
   4.5580000e+02   1.3048256e+00
   4.5680000e+02   1.3191065e+00
   4.5780000e+02   1.3332679e+00
   4.5880000e+02   1.3473844e+00
   4.5980000e+02   1.3608393e+00
   4.6080000e+02   1.3777250e+00
   4.6180000e+02   1.3909531e+00
   4.6280000e+02   1.4055358e+00
   4.6380000e+02   1.4209704e+00
   4.6480000e+02   1.4372312e+00
   4.6580000e+02   1.4506203e+00
   4.6680000e+02   1.4694530e+00
   4.6780000e+02   1.4829065e+00
   4.6880000e+02   1.4995284e+00
   4.6980000e+02   1.5147350e+00
   4.7080000e+02   1.5311551e+00
   4.7180000e+02   1.5483758e+00
   4.7280000e+02   1.5689890e+00
   4.7380000e+02   1.5848954e+00
   4.7480000e+02   1.6037864e+00
   4.7580000e+02   1.6261786e+00
   4.7680000e+02   1.6422269e+00
   4.7780000e+02   1.6631270e+00
   4.7880000e+02   1.6825871e+00
   4.7980000e+02   1.6994060e+00
   4.8080000e+02   1.7199786e+00
   4.8180000e+02   1.7359701e+00
   4.8280000e+02   1.7561718e+00
   4.8380000e+02   1.7730633e+00
   4.8480000e+02   1.7945089e+00
   4.8580000e+02   1.8084083e+00
   4.8680000e+02   1.8284068e+00
   4.8780000e+02   1.8463134e+00
   4.8880000e+02   1.8650178e+00
   4.8980000e+02   1.8810089e+00
   4.9080000e+02   1.8979534e+00
   4.9180000e+02   1.9156277e+00
   4.9280000e+02   1.9339687e+00
   4.9380000e+02   1.9522681e+00
   4.9480000e+02   1.9720807e+00
   4.9580000e+02   1.9896794e+00
   4.9680000e+02   2.0069769e+00
   4.9780000e+02   2.0249134e+00
   4.9880000e+02   2.0458666e+00
   4.9980000e+02   2.0622096e+00
   5.0080000e+02   2.0821978e+00
   5.0180000e+02   2.0982052e+00
   5.0280000e+02   2.1191633e+00
   5.0380000e+02   2.1398596e+00
   5.0480000e+02   2.1602757e+00
   5.0580000e+02   2.1723416e+00
   5.0680000e+02   2.1971726e+00
   5.0780000e+02   2.2188062e+00
   5.0880000e+02   2.2399096e+00
   5.0980000e+02   2.2584215e+00
   5.1080000e+02   2.2798180e+00
   5.1180000e+02   2.3021513e+00
   5.1280000e+02   2.3241593e+00
   5.1380000e+02   2.3481888e+00
   5.1480000e+02   2.3678613e+00
   5.1580000e+02   2.3937317e+00
   5.1680000e+02   2.4172523e+00
   5.1780000e+02   2.4402090e+00
   5.1880000e+02   2.4637497e+00
   5.1980000e+02   2.4885769e+00
   5.2080000e+02   2.5119580e+00
   5.2180000e+02   2.5376387e+00
   5.2280000e+02   2.5647162e+00
   5.2380000e+02   2.5906049e+00
   5.2480000e+02   2.6208096e+00
   5.2580000e+02   2.6402468e+00
   5.2680000e+02   2.6613903e+00
   5.2780000e+02   2.6978691e+00
   5.2880000e+02   2.7269789e+00
   5.2980000e+02   2.7483307e+00
   5.3080000e+02   2.7829472e+00
   5.3180000e+02   2.8098206e+00
   5.3280000e+02   2.8428709e+00
   5.3380000e+02   2.8675509e+00
   5.3480000e+02   2.8998569e+00
   5.3580000e+02   2.9265964e+00
   5.3680000e+02   2.9577619e+00
   5.3780000e+02   2.9857129e+00
   5.3880000e+02   3.0191891e+00
   5.3980000e+02   3.0574456e+00
   5.4080000e+02   3.0818187e+00
   5.4180000e+02   3.1153391e+00
   5.4280000e+02   3.1515723e+00
   5.4380000e+02   3.1891039e+00
   5.4480000e+02   3.2185365e+00
   5.4580000e+02   3.2528184e+00
   5.4680000e+02   3.2907450e+00
   5.4780000e+02   3.3223977e+00
   5.4880000e+02   3.3582063e+00
   5.4980000e+02   3.3995551e+00
   5.5080000e+02   3.4263009e+00
   5.5180000e+02   3.4616366e+00
   5.5280000e+02   3.5078862e+00
   5.5380000e+02   3.5420381e+00
   5.5480000e+02   3.5819036e+00
   5.5580000e+02   3.6188616e+00
   5.5680000e+02   3.6590713e+00
   5.5780000e+02   3.6939450e+00
   5.5880000e+02   3.7413378e+00
   5.5980000e+02   3.7881913e+00
   5.6080000e+02   3.8176298e+00
   5.6180000e+02   3.8590218e+00
   5.6280000e+02   3.9021996e+00
   5.6380000e+02   3.9432398e+00
   5.6480000e+02   3.9852297e+00
   5.6580000e+02   4.0377497e+00
   5.6680000e+02   4.0755829e+00
   5.6780000e+02   4.1207810e+00
   5.6880000e+02   4.1681206e+00
   5.6980000e+02   4.2186165e+00
   5.7080000e+02   4.2623802e+00
   5.7180000e+02   4.3162557e+00
   5.7280000e+02   4.3613288e+00
   5.7380000e+02   4.4076540e+00
   5.7480000e+02   4.4624194e+00
   5.7580000e+02   4.5160347e+00
   5.7680000e+02   4.5601353e+00
   5.7780000e+02   4.6113119e+00
   5.7880000e+02   4.6609706e+00
   5.7980000e+02   4.7187677e+00
   5.8080000e+02   4.7694560e+00
   5.8180000e+02   4.8348389e+00
   5.8280000e+02   4.8796277e+00
   5.8380000e+02   4.9398717e+00
   5.8480000e+02   4.9977871e+00
   5.8580000e+02   5.0509305e+00
   5.8680000e+02   5.1141572e+00
   5.8780000e+02   5.1759847e+00
   5.8880000e+02   5.2446390e+00
   5.8980000e+02   5.3013273e+00
   5.9080000e+02   5.3694970e+00
   5.9180000e+02   5.4235623e+00
   5.9280000e+02   5.4980178e+00
   5.9380000e+02   5.5574069e+00
   5.9480000e+02   5.6296397e+00
   5.9580000e+02   5.7019403e+00
   5.9680000e+02   5.7618255e+00
   5.9780000e+02   5.8366446e+00
   5.9880000e+02   5.9021661e+00
   5.9980000e+02   5.9754061e+00
   6.0080000e+02   6.0470507e+00
   6.0180000e+02   6.1246124e+00
   6.0280000e+02   6.2099000e+00
   6.0380000e+02   6.2768833e+00
   6.0480000e+02   6.3567532e+00
   6.0580000e+02   6.4444952e+00
   6.0680000e+02   6.5031397e+00
   6.0780000e+02   6.6019777e+00
   6.0880000e+02   6.6800933e+00
   6.0980000e+02   6.7646857e+00
   6.1080000e+02   6.8533816e+00
   6.1180000e+02   6.9525510e+00
   6.1280000e+02   7.0389526e+00
   6.1380000e+02   7.1354372e+00
   6.1480000e+02   7.2236709e+00
   6.1580000e+02   7.3223306e+00
   6.1680000e+02   7.4058546e+00
   6.1780000e+02   7.5163106e+00
   6.1880000e+02   7.6185499e+00
   6.1980000e+02   7.7189964e+00
   6.2080000e+02   7.8296036e+00
   6.2180000e+02   7.9350458e+00
   6.2280000e+02   8.0472658e+00
   6.2380000e+02   8.1383549e+00
   6.2480000e+02   8.2732729e+00
   6.2580000e+02   8.3655996e+00
   6.2680000e+02   8.5022831e+00
   6.2780000e+02   8.6229547e+00
   6.2880000e+02   8.7401298e+00
   6.2980000e+02   8.8842572e+00
   6.3080000e+02   9.0273189e+00
   6.3180000e+02   9.1489738e+00
   6.3280000e+02   9.2936307e+00
   6.3380000e+02   9.4643734e+00
   6.3480000e+02   9.5744545e+00
   6.3580000e+02   9.6764307e+00
   6.3680000e+02   9.7394260e+00
   6.3780000e+02   9.7989260e+00
   6.3880000e+02   9.8484865e+00
   6.3980000e+02   9.9256720e+00
   6.4080000e+02   9.9943221e+00
   6.4180000e+02   1.0058705e+01
   6.4280000e+02   1.0130493e+01
   6.4380000e+02   1.0235457e+01
   6.4480000e+02   1.0311076e+01
   6.4580000e+02   1.0426896e+01
   6.4680000e+02   1.0499631e+01
   6.4780000e+02   1.0602535e+01
   6.4880000e+02   1.0721774e+01
   6.4980000e+02   1.0800912e+01
   6.5080000e+02   1.0906695e+01
   6.5180000e+02   1.1015918e+01
   6.5280000e+02   1.1160016e+01
   6.5380000e+02   1.1270430e+01
   6.5480000e+02   1.1415874e+01
   6.5580000e+02   1.1536099e+01
   6.5680000e+02   1.1682249e+01
   6.5780000e+02   1.1849414e+01
   6.5880000e+02   1.1984478e+01
   6.5980000e+02   1.2117084e+01
   6.6080000e+02   1.2294926e+01
   6.6180000e+02   1.2458623e+01
   6.6280000e+02   1.2664874e+01
   6.6380000e+02   1.2857008e+01
   6.6480000e+02   1.3030457e+01
   6.6580000e+02   1.3235418e+01
   6.6680000e+02   1.3443149e+01
   6.6780000e+02   1.3624630e+01
   6.6880000e+02   1.3854229e+01
   6.6980000e+02   1.4061966e+01
   6.7080000e+02   1.4275034e+01
   6.7180000e+02   1.4518611e+01
   6.7280000e+02   1.4759207e+01
   6.7380000e+02   1.4979079e+01
   6.7480000e+02   1.5229084e+01
   6.7580000e+02   1.5479441e+01
   6.7680000e+02   1.5809746e+01
   6.7780000e+02   1.6015425e+01
   6.7880000e+02   1.6286976e+01
   6.7980000e+02   1.6546160e+01
   6.8080000e+02   1.6828469e+01
   6.8180000e+02   1.7132868e+01
   6.8280000e+02   1.7382448e+01
   6.8380000e+02   1.7723874e+01
   6.8480000e+02   1.8054339e+01
   6.8580000e+02   1.8311530e+01
   6.8680000e+02   1.8668017e+01
   6.8780000e+02   1.8928093e+01
   6.8880000e+02   1.9308922e+01
   6.8980000e+02   1.9650285e+01
   6.9080000e+02   2.0035910e+01
   6.9180000e+02   2.0364086e+01
   6.9280000e+02   2.0758795e+01
   6.9380000e+02   2.1085148e+01
   6.9480000e+02   2.1437331e+01
   6.9580000e+02   2.1823118e+01
   6.9680000e+02   2.2225989e+01
   6.9780000e+02   2.2608569e+01
   6.9880000e+02   2.3048597e+01
   6.9980000e+02   2.3434770e+01
   7.0080000e+02   2.3869937e+01
   7.0180000e+02   2.4379407e+01
   7.0280000e+02   2.4763386e+01
   7.0380000e+02   2.5290125e+01
   7.0480000e+02   2.5727025e+01
   7.0580000e+02   2.6272721e+01
   7.0680000e+02   2.6640022e+01
   7.0780000e+02   2.7129837e+01
   7.0880000e+02   2.7704959e+01
   7.0980000e+02   2.8248965e+01
   7.1080000e+02   2.8825273e+01
   7.1180000e+02   2.9286192e+01
   7.1280000e+02   2.9932764e+01
   7.1380000e+02   3.0448148e+01
   7.1480000e+02   3.1210145e+01
   7.1580000e+02   3.1758045e+01
   7.1680000e+02   3.2400326e+01
   7.1780000e+02   3.2967215e+01
   7.1880000e+02   3.3696522e+01
   7.1980000e+02   3.4392858e+01
   7.2080000e+02   3.4962265e+01
   7.2180000e+02   3.5713465e+01
   7.2280000e+02   3.6451462e+01
   7.2380000e+02   3.7155891e+01
   7.2480000e+02   3.8007017e+01
   7.2580000e+02   3.8653096e+01
   7.2680000e+02   3.9585821e+01
   7.2780000e+02   4.0339506e+01
   7.2880000e+02   4.1186698e+01
   7.2980000e+02   4.2078244e+01
   7.3080000e+02   4.3013414e+01
   7.3180000e+02   4.3834877e+01
   7.3280000e+02   4.4885666e+01
   7.3380000e+02   4.5701350e+01
   7.3480000e+02   4.6624910e+01
   7.3580000e+02   4.7699229e+01
   7.3680000e+02   4.8401299e+01
   7.3780000e+02   4.9592683e+01
   7.3880000e+02   5.0739312e+01
   7.3980000e+02   5.1655906e+01
   7.4080000e+02   5.2777789e+01
   7.4180000e+02   5.3819867e+01
   7.4280000e+02   5.4822561e+01
   7.4380000e+02   5.6364082e+01
   7.4480000e+02   5.7384822e+01
   7.4580000e+02   5.8397404e+01
   7.4680000e+02   5.9851879e+01
   7.4780000e+02   6.0828510e+01
   7.4880000e+02   6.2129834e+01
   7.4980000e+02   6.3821747e+01
   7.5080000e+02   6.5118526e+01
   7.5180000e+02   6.6286170e+01
   7.5280000e+02   6.7943092e+01
   7.5380000e+02   6.9539872e+01
   7.5480000e+02   7.1063536e+01
   7.5580000e+02   7.2842357e+01
   7.5680000e+02   7.4348178e+01
   7.5780000e+02   7.6097005e+01
   7.5880000e+02   7.7875149e+01
   7.5980000e+02   7.9553121e+01
   7.6080000e+02   8.1509522e+01
   7.6180000e+02   8.3407003e+01
   7.6280000e+02   8.5261457e+01
   7.6380000e+02   8.7105557e+01
   7.6480000e+02   8.9176816e+01
   7.6580000e+02   9.1182458e+01
   7.6680000e+02   9.3152553e+01
   7.6780000e+02   9.5320075e+01
   7.6880000e+02   9.7323735e+01
   7.6980000e+02   9.9517043e+01
   7.7080000e+02   1.0223646e+02
   7.7180000e+02   1.0426548e+02
   7.7280000e+02   1.0686688e+02
   7.7380000e+02   1.0907432e+02
   7.7480000e+02   1.1178948e+02
   7.7580000e+02   1.1443952e+02
   7.7680000e+02   1.1716912e+02
   7.7780000e+02   1.1955335e+02
   7.7880000e+02   1.2237754e+02
   7.7980000e+02   1.2518241e+02
   7.8080000e+02   1.2829843e+02
   7.8180000e+02   1.3105066e+02
   7.8280000e+02   1.3433483e+02
   7.8380000e+02   1.3728413e+02
   7.8480000e+02   1.4023179e+02
   7.8580000e+02   1.4365052e+02
   7.8680000e+02   1.4669715e+02
   7.8780000e+02   1.4980486e+02
   7.8880000e+02   1.5314924e+02
   7.8980000e+02   1.5669894e+02
   7.9080000e+02   1.6034639e+02
   7.9180000e+02   1.6352409e+02
   7.9280000e+02   1.6789288e+02
   7.9380000e+02   1.7121821e+02
   7.9480000e+02   1.7524592e+02
   7.9580000e+02   1.7886964e+02
   7.9680000e+02   1.8245327e+02
   7.9780000e+02   1.8635587e+02
   7.9880000e+02   1.9059849e+02
   7.9980000e+02   1.9444713e+02
   8.0080000e+02   1.9883656e+02
   8.0180000e+02   2.0303844e+02
   8.0280000e+02   2.0764891e+02
   8.0380000e+02   2.1160347e+02
   8.0480000e+02   2.1621883e+02
   8.0580000e+02   2.2097080e+02
   8.0680000e+02   2.2532978e+02
   8.0780000e+02   2.3019872e+02
   8.0880000e+02   2.3515636e+02
   8.0980000e+02   2.4000147e+02
   8.1080000e+02   2.4480665e+02
   8.1180000e+02   2.4858775e+02
   8.1280000e+02   2.5417939e+02
   8.1380000e+02   2.5933618e+02
   8.1480000e+02   2.6542258e+02
   8.1580000e+02   2.7085868e+02
   8.1680000e+02   2.7549918e+02
   8.1780000e+02   2.8147827e+02
   8.1880000e+02   2.8682306e+02
   8.1980000e+02   2.9203673e+02
   8.2080000e+02   2.9750107e+02
   8.2180000e+02   3.0368248e+02
   8.2280000e+02   3.0871870e+02
   8.2380000e+02   3.1364414e+02
   8.2480000e+02   3.1965099e+02
   8.2580000e+02   3.2610622e+02
   8.2680000e+02   3.3270722e+02
   8.2780000e+02   3.3715649e+02
   8.2880000e+02   3.4349489e+02
   8.2980000e+02   3.4879640e+02
   8.3080000e+02   3.5481880e+02
   8.3180000e+02   3.6090502e+02
   8.3280000e+02   3.6646832e+02
   8.3380000e+02   3.7216789e+02
   8.3480000e+02   3.7766341e+02
   8.3580000e+02   3.8235339e+02
   8.3680000e+02   3.8986580e+02
   8.3780000e+02   3.9478943e+02
   8.3880000e+02   4.0009905e+02
   8.3980000e+02   4.0570247e+02
   8.4080000e+02   4.1258513e+02
   8.4180000e+02   4.1607656e+02
   8.4280000e+02   4.2211305e+02
   8.4380000e+02   4.2865903e+02
   8.4480000e+02   4.3261140e+02
   8.4580000e+02   4.4008533e+02
   8.4680000e+02   4.4356728e+02
   8.4780000e+02   4.4894679e+02
   8.4880000e+02   4.5319701e+02
   8.4980000e+02   4.5980911e+02
   8.5080000e+02   4.6247342e+02
   8.5180000e+02   4.6813552e+02
   8.5280000e+02   4.7271823e+02
   8.5380000e+02   4.7590807e+02
   8.5480000e+02   4.8212871e+02
   8.5580000e+02   4.8704354e+02
   8.5680000e+02   4.9195000e+02
   8.5780000e+02   4.9338526e+02
   8.5880000e+02   4.9746888e+02
   8.5980000e+02   5.0193218e+02
   8.6080000e+02   5.0554914e+02
   8.6180000e+02   5.1054858e+02
   8.6280000e+02   5.1267959e+02
   8.6380000e+02   5.1650234e+02
   8.6480000e+02   5.2291281e+02
   8.6580000e+02   5.2317739e+02
   8.6680000e+02   5.2498648e+02
   8.6780000e+02   5.2883450e+02
   8.6880000e+02   5.3216189e+02
   8.6980000e+02   5.3525396e+02
   8.7080000e+02   5.3867672e+02
   8.7180000e+02   5.4440962e+02
   8.7280000e+02   5.4563417e+02
   8.7380000e+02   5.4624327e+02
   8.7480000e+02   5.4679101e+02
   8.7580000e+02   5.5313007e+02
   8.7680000e+02   5.5435830e+02
   8.7780000e+02   5.5531601e+02
   8.7880000e+02   5.5633600e+02
   8.7980000e+02   5.6085749e+02
   8.8080000e+02   5.6096838e+02
   8.8180000e+02   5.6238853e+02
   8.8280000e+02   5.6345858e+02
   8.8380000e+02   5.6670448e+02
   8.8480000e+02   5.6672047e+02
   8.8580000e+02   5.6624438e+02
   8.8680000e+02   5.6925220e+02
   8.8780000e+02   5.6813129e+02
   8.8880000e+02   5.6905511e+02
   8.8980000e+02   5.7078026e+02
   8.9080000e+02   5.6776051e+02
   8.9180000e+02   5.7108890e+02
   8.9280000e+02   5.7330741e+02
   8.9380000e+02   5.7474551e+02
   8.9480000e+02   5.7467423e+02
   8.9580000e+02   5.7455095e+02
   8.9680000e+02   5.7832397e+02
   8.9780000e+02   5.7778289e+02
   8.9880000e+02   5.7700902e+02
   8.9980000e+02   5.7655552e+02
