0	99	37.1016	4.59802	26.2176	5.40502
1	99	36.6343	4.04434	24.7985	5.91202
2	99	39.4831	5.40014	26.7055	5.6126
3	99	39.6613	4.56382	25.9219	6.0274
4	99	39.607	4.57922	27.2779	6.05154
5	99	39.9963	4.64219	26.4317	5.65526
6	99	42.0942	4.70172	28.3794	6.55177
7	99	42.3483	5.09712	28.204	5.21916
8	99	43.2902	5.35597	28.633	5.82417
9	99	44.8528	4.75169	27.5293	5.5432
10	99	46.412	5.55863	29.2188	5.92212
11	99	47.6169	5.01372	27.7781	6.23201
12	99	49.1345	4.76909	29.8305	6.29522
13	99	51.8396	5.0852	27.9122	5.72587
14	99	52.7795	4.56339	30.3798	5.93374
15	99	55.721	5.01812	29.8507	6.30833
16	99	56.7322	4.34088	30.4076	5.94697
17	99	58.3491	4.53676	29.6096	6.20273
18	99	60.0783	4.95636	30.6914	5.88359
19	99	63.0554	5.25079	30.9038	6.16084
20	99	65.1219	4.91451	30.2593	5.99405
21	99	66.6593	5.01106	28.9659	5.5675
22	99	67.9377	4.94005	29.6134	5.67893
23	99	71.3046	4.92969	30.0281	6.09228
24	99	75.0749	4.6376	29.5635	5.8151
25	99	80.7552	5.02762	30.4394	5.3564
26	99	83.5292	5.63727	31.0437	5.25837
27	99	84.566	4.72231	30.9937	5.07913
28	99	89.7881	5.21347	30.6157	6.00039
29	99	93.4161	5.42241	30.7844	6.00125
30	99	97.1357	5.50524	31.4678	5.80358
31	99	96.0127	4.89609	31.1084	6.18731
32	99	96.5818	5.91149	31.8033	6.12374
33	99	98.5939	6.28295	31.5763	5.97519
34	99	101.325	5.25316	32.4932	5.47167
35	99	104.53	5.02382	32.7673	4.63288
36	99	108.006	4.89889	32.5707	5.50026
37	99	109.766	4.90141	33.3304	6.24552
38	99	112.561	4.82698	33.1958	5.80689
39	99	115.113	5.79239	33.1464	6.07701
40	99	121.343	5.54228	33.5655	5.49982
41	99	128.204	5.63804	34.946	5.7279
42	99	136.834	5.24635	35.0789	6.01122
43	99	143.023	5.42858	32.5852	6.48771
44	99	153.23	5.28895	34.7801	6.16898
45	99	164.284	5.59591	35.0722	5.07366
46	99	179.798	5.70243	36.3457	5.65864
47	99	196.482	5.96464	35.8263	6.45048
48	99	218.396	6.10813	37.3162	5.12953
49	99	241.212	5.91193	36.0722	5.95024
50	99	265.015	5.76591	38.0583	5.45704
51	99	292.894	6.12923	37.2624	5.89311
52	99	325.663	6.95612	37.5909	6.18186
53	99	368.11	7.01591	39.1531	6.53314
54	99	417.978	7.99811	38.9612	5.02633
55	99	477.772	7.19688	38.6498	5.41822
56	99	535.136	8.29571	39.2124	5.49154
57	99	596.063	7.65344	39.8684	6.38034
58	99	653.453	8.66732	41.363	5.52819
59	99	714.229	8.63916	42.1307	6.67862
60	99	786.536	9.54121	42.2988	4.63387
61	99	876.785	10.5493	42.7278	5.68998
62	99	985.275	10.0965	44.3038	5.55909
63	99	1118.37	11.4792	44.2233	5.41751
64	99	1263.39	13.4251	46.6443	5.7197
65	99	1421.99	13.9089	46.4292	6.94495
66	99	1575.41	14.5145	49.0015	5.42896
67	99	1724.39	16.4603	50.0548	5.87044
68	99	1874.76	16.8836	52.5546	6.03938
69	99	2031.09	17.156	53.9991	6.21134
70	99	2210.67	18.8701	59.1755	5.62591
71	99	2415.23	21.6613	63.5162	6.60675
72	99	2639.21	23.5044	72.2287	5.76724
73	99	2865.73	21.6909	79.6657	5.63613
74	99	3085.05	23.7357	92.1746	5.83988
75	99	3297.37	24.8417	107.999	6.55335
76	99	3493.37	24.3585	128.439	6.37207
77	99	3709.42	28.3455	154.234	6.90059
78	99	3950.16	29.4612	187.724	6.19218
79	99	4241.81	31.716	227.316	7.50852
80	99	4581.33	33.5709	275.64	6.75324
81	99	4958.2	32.58	331.622	8.05763
82	99	5326.12	32.3019	396.136	7.73939
83	99	5636.07	37.3064	467.036	8.34102
84	99	5876.76	37.4443	549.954	8.94354
85	99	6047.37	38.0434	643.123	8.74326
86	99	6198.43	37.5621	753.909	9.37681
87	99	6376.18	33.5963	880.674	10.8082
88	99	6607	39.1063	1021.85	13.4766
89	99	6936.17	43.7964	1174.47	11.6422
90	99	7341.99	49.6453	1330.2	12.982
91	99	7787.2	49.5307	1477.13	11.6925
92	99	8208.79	45.7259	1611.82	13.2365
93	99	8499.65	40.4135	1725.29	13.5497
94	99	8614.2	36.4084	1819.93	12.7765
95	99	8555.34	40.5357	1901.64	15.059
96	99	8407.16	42.3427	1980.59	14.4067
97	99	8248.25	41.7564	2047.95	14.8692
98	99	8147.77	35.7171	2118.34	13.6363
99	99	8209.86	33.1193	2177.93	13.5076
100	99	8439.41	37.1797	2215.42	13.7047
101	99	8810.04	41.8461	2216.55	12.6748
102	99	9358.87	42.8975	2180.78	11.4895
103	99	9996.7	52.6397	2102.82	13.5243
104	99	10621.1	55.9359	2002.34	13.9107
105	99	11160	51.39	1902.79	12.2648
106	99	11538.1	47.7417	1827.01	10.787
107	99	11753.3	45.2015	1796.99	9.72483
108	99	11866.6	28.7987	1832.71	11.4355
109	99	11918.5	28.9427	1938.94	13.8047
110	99	11993.3	33.5985	2124.21	14.0178
111	99	12162.3	44.1347	2390.34	18.0721
112	99	12427.1	46.96	2732.38	17.8918
113	99	12792.6	56.0325	3132.35	19.6831
114	99	13260.4	56.3691	3575.5	19.826
115	99	13717.7	49.9146	4041.45	20.6566
116	99	14148.5	43.0248	4505.32	19.2617
117	99	14444	34.206	4948.54	20.4443
118	99	14547.9	32.6706	5365.01	18.8729
119	99	14496.7	31.6694	5749.04	21.6977
120	99	14330.4	41.7788	6111.14	23.5299
121	99	14113.5	42.4646	6459.22	28.5096
122	99	13967.1	47.018	6831.16	25.7169
123	99	13914.2	49.9002	7218.07	29.3419
124	99	13974.5	47.6091	7641.43	24.1867
125	99	14175.1	44.2445	8071.66	22.8997
126	99	14492	51.9471	8454.14	23.154
127	99	14843.1	60.628	8801.74	29.4493
128	99	15188.9	69.0937	9101.58	30.8303
129	99	15454.9	69.4027	9324.03	28.6378
130	99	15572.8	67.5873	9425.78	29.2722
131	99	15532.8	57.6502	9421.59	32.2279
132	99	15350.3	55.4907	9353.11	36.7343
133	99	15058.5	55.3025	9245.29	37.5618
134	99	14719.9	61.2771	9121.65	40.9104
135	99	14474.6	71.4495	9006.79	38.6687
136	99	14314	74.507	8922.11	36.5887
137	99	14255.6	79.7439	8856.5	43.3109
138	99	14270.3	93.3512	8807.79	44.4255
139	99	14338.3	103.972	8770.75	46.7521
140	99	14425.9	113.658	8733.15	44.2024
141	99	14524.8	114.989	8679.46	38.9068
142	99	14576.3	96.8349	8609.04	34.1631
143	99	14565.6	83.2363	8513.6	33.9222
144	99	14491.5	60.8931	8416	39.4102
145	99	14397.7	67.0909	8330.61	50.8416
146	99	14290.7	87.1609	8273.16	59.2081
147	99	14190.7	111.692	8261.8	60.5133
148	99	14171.6	123.656	8313.67	59.4054
149	99	14242	125.499	8427.88	62.6045
150	99	14399.9	126.212	8601.99	64.0196
151	99	14678.8	126.23	8820.81	65.5934
152	99	15033.4	141.004	9080.39	69.0421
153	99	15430.1	150.462	9351.22	72.5735
154	99	15834.3	166.46	9613.5	69.6697
155	99	16235.4	165.876	9841.42	61.7055
156	99	16591.2	157.301	10020.1	53.2329
157	99	16835.5	134.514	10126.8	50.4065
158	99	16968.9	106.642	10184.9	52.1878
159	99	16947.5	92.3494	10193.1	72.3693
160	99	16812.1	110.515	10163	87.6174
161	99	16639.9	148.473	10109	100.31
162	99	16469.2	183.153	10066.9	112.166
163	99	16373	203.372	10070.1	117.201
164	99	16343.5	215.987	10128.8	112.545
165	99	16404.1	217.647	10251.2	104.276
166	99	16583.3	214.007	10404.5	97.2809
167	99	16856.3	199.189	10569.1	90.1503
168	99	17226.3	188.863	10733.1	84.5531
169	99	17645.9	185.051	10910.1	94.9321
170	99	18104	196.732	11069.3	95.1174
171	99	18539.5	207.637	11209.3	97.7444
172	99	18902.3	215.895	11309.7	96.6427
173	99	19185.7	216.387	11372.5	87.7186
174	99	19404.4	209.667	11420.5	79.5755
175	99	19525.1	181.377	11456.5	67.7653
176	99	19552.4	161.803	11494.1	63.6826
177	99	19561.7	136.167	11546.8	76.2804
178	99	19567.6	130.047	11624.7	92.0999
179	99	19570.6	153.213	11759.2	114.85
180	99	19600.6	184.897	11939.2	140.913
181	99	19689.9	222.124	12167.4	160.321
182	99	19853.5	267.642	12434.6	174.324
183	99	20068.4	298.64	12707.2	185.063
184	99	20318.4	320.149	13009.7	193.98
185	99	20606.5	333.203	13358.6	192.584
186	99	20913	335.33	13755.9	183.477
187	99	21223	325.622	14165.1	171.155
188	99	21526.6	301.042	14540.4	159.148
189	99	21826.1	274.664	14881.9	141.798
190	99	22082.5	247.913	15175.9	125.533
191	99	22299.8	224.657	15436.9	118.773
192	99	22453.3	207.235	15669.1	117.613
193	99	22600.1	202.128	15888.7	127.942
194	99	22745.7	213.559	16081.1	130.74
195	99	22898	222.978	16287.3	134.588
196	99	23040.4	234.022	16531	137.734
197	99	23213	240.52	16794	134.704
198	99	23449.7	240.084	17039.7	129.43
199	99	23730	235.541	17269.9	128.993
200	99	24021.9	221.487	17484.4	113.248
201	99	24283.4	200.402	17678.8	105.962
202	99	24585.5	182.762	17902.2	109.385
203	99	24894.5	169.598	18107.2	110.868
204	99	25204.3	160.723	18266.7	121.643
205	99	25414.5	163.061	18382.1	136.972
206	99	25553.8	179.247	18451.6	165.8
207	99	25644.2	218.124	18486.2	190.285
208	99	25696.7	250.854	18479.5	212.358
209	99	25668	290.105	18431.7	236.71
210	99	25563.9	326.287	18337.1	253.469
211	99	25430.4	359.065	18241.5	268.83
212	99	25350.6	381.891	18161.5	283.796
213	99	25310.2	407.133	18123.7	291.361
214	99	25214.4	425.588	18110	297.021
215	99	25104.1	431.927	18096.8	300.991
216	99	25082.8	432.792	18117.9	293.046
217	99	25083.7	428.635	18160.8	287.475
218	99	25181.5	414.609	18276.2	276.422
219	99	25276.8	401.424	18413.4	265.175
220	99	25423.5	377.319	18582.6	246.871
221	99	25681.7	358.996	18772.7	229.777
222	99	26016.6	331.413	18915.8	213.992
223	99	26343.6	306.856	19034.9	182.599
224	99	26640.5	270.134	19195.4	167.919
225	99	26916.8	243.846	19424.6	152.386
226	99	27220.1	213.61	19736.4	131.562
227	99	27539.4	195.165	20067.9	119.694
228	99	27813.5	174.482	20332.5	114.159
229	99	28039.7	164.521	20566.9	103.62
230	99	28265.3	161.883	20765.1	111.526
231	99	28503.3	174.934	20942.9	117.678
232	99	28735.3	182.903	21127.6	125.704
233	99	28925.1	190.106	21302.8	134.079
234	99	29096.6	204.752	21487.5	141.21
235	99	29244.2	218.345	21650.8	140.572
236	99	29443.3	228.063	21842.8	149.982
237	99	29688	225.34	22047.2	147.504
238	99	29952.5	231.63	22265.4	145.151
239	99	30204.9	230.845	22499	141.996
240	99	30376.6	220.663	22732.8	135.617
241	99	30483	210.96	23013.4	134.887
242	99	30725.8	202.666	23279.7	130.585
243	99	31119	202.516	23551.6	125.276
244	99	31620.1	190.505	23832.7	112.76
245	99	31980	173.21	24115.7	109.189
246	99	32218.2	164.497	24388.9	112.812
247	99	32520.7	157.337	24658.3	113.263
248	99	32864.5	151.765	24907.1	120.546
249	99	33200.7	152.049	25131.5	135.48
250	99	33454.1	162.931	25310.5	150.257
251	99	33658.3	179.279	25483.9	171.566
252	99	33813.8	204.109	25617	193.916
253	99	33948	224.04	25729.7	209.754
254	99	34003.7	251.454	25804.3	238.561
255	99	33979.4	287.63	25800.2	258.642
256	99	33887.7	319.616	25767	282.278
257	99	33776.7	347.761	25748	306.441
258	99	33574.5	375.8	25710.2	332.973
259	99	33342.6	409.381	25646.4	355.095
260	99	33150.1	432.165	25555.9	384.381
261	99	33021.7	462.335	25458.9	395.148
262	99	32927.9	494.188	25395.1	423.221
263	99	32809	518.91	25308.3	448.525
264	99	32662.9	558.14	25201.5	465.165
265	99	32505.2	584.91	25145.6	489.042
266	99	32347.3	610.348	25096.7	507.814
267	99	32163.5	645.143	25051.5	533.872
268	99	32029.4	655.177	24992.5	553
269	99	31923.7	693.951	24914	571.2
270	99	31855.5	715.843	24875.8	590.589
271	99	31788.4	736.033	24885.9	604.078
272	99	31690.5	750.262	24912.3	626.767
273	99	31556.3	764.818	24797.3	631.246
274	99	31441.3	782.589	24644.1	641.203
275	99	31333.6	790.92	24573.2	653.111
276	99	31208.6	806.947	24548.3	659.974
277	99	31043.7	817.437	24491.9	672.833
278	99	30804.1	832.274	24356.3	681.614
279	99	30508.1	845.862	24158.6	692.939
280	99	30185.6	858.994	23935.6	703.185
281	99	29844.5	862.631	23656.5	698.654
282	99	29448.4	871.038	23333.8	695.462
283	99	29010.9	873.251	22981.2	702.026
284	99	28506.6	873.036	22641.1	698.049
285	99	27985.1	870.659	22285.7	697.333
286	99	27456.7	865.141	21912.8	688.63
287	99	26959.3	851.11	21537.5	686.33
288	99	26498.2	844.988	21178.6	675.837
289	99	26020.6	832.097	20861.3	670.632
290	99	25566.1	814.793	20561.8	660.796
291	99	25116.8	803.147	20276.2	653.913
292	99	24724.9	784.344	20001.1	648.865
293	99	24423.8	772.198	19781.4	637.194
294	99	24158	764.156	19598.8	631.351
295	99	23924.7	767.729	19443.7	631.837
296	99	23691.5	761.623	19296	630.436
297	99	23457.9	759.611	19154.2	627.588
298	99	23244.7	763.784	19040.9	628.554
299	99	23074.4	766.628	18954.8	633.78
300	99	22935.4	773.143	18870.5	630.195
301	99	22765.8	774.35	18770.7	631.43
302	99	22596.6	769.598	18634	628.145
303	99	22381.6	768.651	18503.1	620.594
304	99	22196.2	759.963	18367.1	618.853
305	99	21996.5	751.074	18198.8	612.468
306	99	21746	732.854	17976.6	592.458
307	99	21467	716.244	17723	579.945
308	99	21158	692.506	17460.5	566.919
309	99	20825.6	665.266	17213	549.551
310	99	20428.1	635.719	16946.6	534.895
311	99	20005.6	616.018	16628.1	512.644
312	99	19606.2	590.918	16279.7	499
313	99	19254.2	575.35	15952	487.65
314	99	18896.1	562.948	15644	471.823
315	99	18504.3	552.134	15359	466.217
316	99	18121.3	544.699	15071.9	459.248
317	99	17733	540.73	14771	452.284
318	99	17393.4	531.341	14493.8	446.352
319	99	17079.9	535.095	14246	441.551
320	99	16806.1	529.672	14031.5	437.433
321	99	16568	526.343	13837.2	429.743
322	99	16350.3	525.092	13594.6	423.791
323	99	16156.2	515.779	13324.3	411.279
324	99	15987.8	510.459	13111.1	404.36
325	99	15837.6	495.199	13056.6	396.912
326	99	15716.5	482.919	13102.3	392.966
327	99	15652.2	459.527	13161.8	384.865
328	99	15659.2	443.311	13172.9	372.756
329	99	15664.9	425.18	13156.8	362.393
330	99	15657.1	410.685	13140.2	349.997
331	99	15633	386.777	13137.5	336.602
332	99	15614	372.245	13133.9	330.567
333	99	15591.9	356.192	13106.2	316.477
334	99	15566.5	348.984	13050.9	310.093
335	99	15476.4	345.072	12970.9	305.381
336	99	15373.5	342.226	12876.9	298.465
337	99	15227.6	338.926	12764.1	301.46
338	99	15032.5	347.479	12622.2	299.795
339	99	14788	351.283	12447.2	298.961
340	99	14506.5	354.454	12231.1	297.229
341	99	14215.9	359.122	12002.4	298.254
342	99	13884.9	366.129	11767.1	293.765
343	99	13623.3	359.358	11525.4	291.089
344	99	13324.9	354.507	11271.8	289.025
345	99	12986.7	345.819	11022.2	279.443
346	99	12667	332.015	10804.3	272.337
347	99	12368.5	313.999	10614.9	261.038
348	99	12105.8	285.928	10446.1	248.042
349	99	11881	267.121	10297.9	232.539
350	99	11688.6	246.24	10168.9	221.083
351	99	11557.3	223.157	10077	208.695
352	99	11459.9	198.26	10012.4	189.106
353	99	11386.1	177.542	9963.92	176.349
354	99	11347.5	157.669	9930.2	165.862
355	99	11382	144.182	9872.54	155.794
356	99	11446.4	134.392	9812.49	147.284
357	99	11530.3	138.464	9812.98	142.114
358	99	11635.6	137.109	9821.07	145.775
359	99	11766.3	149.354	9820.06	147.429
360	99	11918.5	159.75	9808.06	151.043
361	99	12055.3	176.422	9775.2	154.834
362	99	12162.3	196.536	9731.54	159.947
363	99	12256.8	215.343	9652.75	164.207
364	99	12340.6	236.614	9542.51	167.595
365	99	12410.9	256.668	9398.17	171.828
366	99	12442.3	270.454	9247.66	176.809
367	99	12420	283.436	9072.8	176.473
368	99	12341.6	292.839	8811.79	170.956
369	99	12273.5	285.556	8519.91	162.588
370	99	12185.8	279.897	8294.03	155.206
371	99	12055.8	260.729	8097.81	147.587
372	99	11899.4	238.983	7835.83	133.372
373	99	11726.4	210.545	7613.44	119.581
374	99	11549.3	171.052	7439.85	108.129
375	99	11362.1	140.203	7336.74	93.7989
376	99	11171	110.212	7264.32	82.1179
377	99	10981.8	78.37	7198.63	67.3941
378	99	10775.2	54.4612	7145.62	59.8519
379	99	10578.1	36.1441	7102.52	51.9499
380	99	10464.2	37.9585	7092.9	48.8544
381	99	10429.5	41.516	7098.43	45.2723
382	99	10385.5	49.9004	7088.59	44.9712
383	99	10312.6	50.5987	7104.98	47.0835
384	99	10241.2	53.8411	7135.23	48.2849
385	99	10136.8	57.9995	7172.68	57.5603
386	99	9980.18	75.974	7220.69	67.8492
387	99	9834.14	88.783	7269.02	84.0305
388	99	9749.81	106.28	7315.14	97.1524
389	99	9696.11	135.098	7351.66	109.787
390	99	9640.63	156.997	7410.35	124.762
391	99	9557.11	185.222	7461.8	140.714
392	99	9437.15	202.183	7511.65	155.265
393	99	9313.26	214.418	7564.98	164.825
394	99	9215.03	220.409	7602.42	171.785
395	99	9145.2	223.309	7648.3	170.819
396	99	9110.69	215.004	7716.42	173.698
397	99	9107.33	208.893	7800.59	166.895
398	99	9080.28	186.895	7877.75	157.162
399	99	9028.99	158.937	7971.61	140.573
400	99	9011.23	116.852	8062.87	125.918
401	99	9054.18	86.3213	8164.6	101.293
402	99	9146.92	58.3567	8261	76.2555
403	99	9258.87	47.2254	8333.99	49.8145
404	99	9376.61	60.9256	8415.92	37.9875
405	99	9541.76	87.1137	8484.46	37.4953
406	99	9662.94	121.413	8530.62	54.3723
407	99	9725.07	143.754	8562.34	73.4431
408	99	9716.29	154.875	8577.08	87.4756
409	99	9689.96	156.346	8562.79	96.5176
410	99	9739.94	147.971	8525.99	100.422
411	99	9799.4	138.684	8494.66	97.559
412	99	9901.87	134.518	8468.75	91.7014
413	99	9981.18	121.914	8425.82	76.9048
414	99	9938.93	97.9608	8386.76	65.4962
415	99	9921.88	71.2245	8347.62	47.9745
416	99	9950.87	68.3475	8290.3	47.8176
417	99	9905.37	88.4475	8210.99	57.9072
418	99	9783.02	124.359	8142.13	80.1586
419	99	9691.4	163.838	8068.71	105.439
420	99	9545.16	204.817	7975	128.85
421	99	9396.89	238.741	7871.11	154.207
422	99	9240.76	267.951	7772.05	177.956
423	99	9080.42	292.795	7704.24	192.282
424	99	8957.92	306.591	7660.11	206.888
425	99	8867.94	313.031	7621.15	214.019
426	99	8812.84	311.205	7600.68	216.553
427	99	8770.33	302.386	7591.44	214.786
428	99	8749.03	284.259	7599.02	205.39
429	99	8762.99	256.417	7659.35	189.641
430	99	8826.67	221.287	7769.61	168.788
431	99	8947.64	179.57	7935.43	143.204
432	99	9153.41	132.221	8143.29	115.377
433	99	9435.54	81.0288	8388.54	81.5874
434	99	9756.95	49.4211	8662.16	48.9635
435	99	10131.2	79.2727	8965.81	38.978
436	99	10574.7	123.223	9274.47	65.1672
437	99	11009.4	181.481	9618.51	101.101
438	99	11394.7	223.186	9972.84	136.846
439	99	11758.5	258.496	10293.6	167.538
440	99	12078.5	278.626	10572.5	190.671
441	99	12381.3	284.808	10741.8	201.375
442	99	12653.8	277.713	10859.4	208.076
443	99	12779.7	249.947	10933.9	193.355
444	99	12742.8	209.47	10942.1	172.389
445	99	12575.3	157.472	10880.1	144.078
446	99	12252.3	100.61	10718.4	115.442
447	99	11845.7	67.3626	10452.9	83.1967
448	99	11398.2	85.4256	10098.3	60.3978
449	99	10861	137.189	9689.07	61.7289
450	99	10251.6	191.503	9251.89	91.4185
451	99	9664.38	242.606	8821	119.027
452	99	9069.7	283.187	8348.13	151.342
453	99	8470.04	312.529	7870.5	181.757
454	99	7935.37	339.031	7421.16	210.427
455	99	7414.81	362.567	7017.51	230.275
456	99	6919	375.066	6659.17	246.722
457	99	6473.36	377.696	6323.6	255.952
458	99	6067.29	379.484	6021.1	262.219
459	99	5704.69	372.513	5744.19	264.405
460	99	5423.93	361.117	5520.43	260.497
461	99	5212.15	340.771	5350.77	254.052
462	99	5091.43	322.67	5243.71	245.903
463	99	5072.54	298.962	5197.8	231.607
464	99	5097.58	267.551	5208.84	211.254
465	99	5225.41	233.342	5279.07	190.209
466	99	5460.14	187.577	5434.49	162.191
467	99	5765.35	139.52	5667.77	125.775
468	99	6231.57	82.7932	5991.15	90.0031
469	99	6833.25	62.1226	6371.46	52.1708
470	99	7485.56	122.649	6826.53	44.7721
471	99	8253.28	213.299	7265.37	92.4685
472	99	8863.64	305.637	7682.72	146.173
473	99	9181.04	379.101	7951.41	199.487
474	99	9220.41	418.548	7996.01	239.08
475	99	8759.91	423.293	7761.63	260.096
476	99	7987.6	392.219	7275.64	263.224
477	99	7109.72	342.877	6640.35	251.328
478	99	6208.46	282.795	5924.67	217.942
479	99	5443.46	223.147	5231.6	187.474
480	99	4816.05	169.656	4595.26	149.806
481	99	4257.02	124.827	4043.62	116.541
482	99	3795.63	84.1497	3550.27	85.1588
483	99	3353.42	53.7813	3113.62	60.5798
484	99	2957.44	31.3781	2714.18	39.967
485	99	2595.19	17.0579	2359.98	26.1447
486	99	2235.55	15.8271	2048.98	17.997
487	99	1919.5	19.3413	1784.41	8.79067
488	99	1624.07	20.4684	1542.69	9.67701
489	99	1372.02	22.4216	1319.9	11.3834
490	99	1153.15	23.8142	1122.56	12.7798
491	99	965.036	20.9047	954.113	12.1358
492	99	812.476	21.3339	815.57	12.7397
493	99	687.014	18.3668	705.309	12.8576
494	99	589.266	17.6954	611.797	11.7588
495	99	512.046	14.184	537.051	11.2142
496	99	453.418	13.6476	476.368	10.6418
497	99	410.392	11.4007	428.675	10.038
498	99	373.949	10.5359	390.33	10.0611
499	99	346.808	8.20896	360.435	8.5548
500	99	325.671	8.00068	338.154	8.22546
501	99	307.55	7.45667	318.126	8.06139
502	99	296.638	6.63658	302.482	8.01926
503	99	283.217	6.14796	290.324	7.21083
504	99	276.006	6.99275	280.069	7.46453
505	99	267.303	5.60035	270.08	6.53756
506	99	259.359	6.44294	261.591	5.9711
507	99	251.152	6.70359	250.483	7.01591
508	99	239.822	5.6917	240.593	6.46128
509	99	229.48	5.37246	230.428	6.6972
510	99	216.842	5.60627	218.699	6.63483
511	99	204.941	5.53653	205.691	6.80341
512	99	192.378	5.84149	194.912	6.90996
513	99	178.376	5.69572	182.565	6.09454
514	99	166.657	5.40628	172.826	5.61412
515	99	152.762	5.2085	161.487	5.80516
516	99	147.596	5.85135	152.574	6.36708
517	99	1.59476	4.58596	6.59081	5.89101
518	99	1.76907	3.88444	3.93046	6.1321
519	99	2.16267	4.02627	2.02733	5.86304
