272.88270275511707
273.829663170048
274.7766235849789
275.7235839999098
276.6705444148407
277.6175048297717
278.5644652447026
279.5114256596335
280.45838607456443
281.40534648949534
282.35230690442626
283.29926731935717
284.2462277342881
285.19318814921905
286.14014856414997
287.0871089790809
288.0340693940118
288.9810298089427
289.9279902238736
290.87495063880453
291.82191105373545
292.76887146866636
293.71583188359733
294.66279229852825
295.60975271345916
296.5567131283901
297.503673543321
298.4506339582519
299.3975943731828
300.3445547881137
301.2915152030447
302.2384756179756
303.1854360329065
304.13239644783744
305.07935686276835
306.02631727769926
306.9732776926302
307.9202381075611
308.867198522492
309.814158937423
310.7611193523539
311.7080797672848
312.6550401822157
313.6020005971466
314.54896101207754
315.49592142700845
316.44288184193937
317.38984225687034
318.33680267180125
319.28376308673216
320.2307235016631
321.177683916594
322.1246443315249
323.0716047464558
324.01856516138673
324.96552557631765
325.91248599124856
326.85944640617953
327.80640682111044
328.75336723604136
329.70032765097227
330.6472880659032
331.5942484808341
332.541208895765
333.488169310696
334.4351297256269
335.3820901405578
336.3290505554887
337.27601097041963
338.22297138535055
339.16993180028146
340.1168922152124
341.0638526301433
342.0108130450742
342.95777346000517
343.9047338749361
344.851694289867
345.7986547047979
346.7456151197288
347.69257553465974
348.6395359495907
349.5864963645216
350.53345677945254
351.48041719438345
352.42737760931436
353.3743380242453
354.3212984391762
355.2682588541071
356.215219269038
357.16217968396893
358.10914009889984
359.0561005138308
360.0030609287617
360.95002134369264
361.89698175862355
362.84394217355447
363.7909025884854
364.7378630034163
365.68482341834726
366.6317838332782
367.5787442482091
368.52570466314
369.4726650780709
370.41962549300183
371.36658590793274
372.31354632286366
373.26050673779457
374.2074671527255
375.15442756765646
376.10138798258737
377.0483483975183
377.9953088124492
378.9422692273801
379.889229642311
380.83619005724194
381.7831504721729
382.7301108871038
383.67707130203473
384.62403171696565
385.57099213189656
386.5179525468275
387.4649129617584
388.4118733766893
389.3588337916202
390.3057942065511
391.2527546214821
392.199715036413
393.1466754513439
394.09363586627484
395.04059628120575
395.98755669613666
396.9345171110676
397.88147752599855
398.82843794092946
399.7753983558604
400.7223587707913
401.6693191857222
402.6162796006531
403.56324001558403
404.51020043051494
405.45716084544586
406.40412126037677
407.3510816753077
408.29804209023865
409.24500250516957
410.1919629201005
411.1389233350314
412.0858837499623
413.0328441648933
413.9798045798242
414.9267649947551
415.873725409686
416.82068582461693
417.76764623954784
418.71460665447876
419.66156706940967
420.6085274843406
421.5554878992715
422.5024483142024
423.4494087291333
424.3963691440643
425.3433295589952
426.2902899739261
427.23725038885703
428.18421080378795
429.1311712187189
430.07813163364983
431.02509204858075
431.97205246351166
432.9190128784426
433.8659732933735
434.8129337083044
435.7598941232353
436.7068545381662
437.65381495309714
438.60077536802805
439.54773578295897
440.4946961978899
441.44165661282085
442.38861702775176
443.3355774426827
444.2825378576136
445.22949827254456
446.1764586874755
447.1234191024064
448.0703795173373
449.0173399322682
449.9643003471991
450.91126076213004
451.85822117706095
452.80518159199187
453.7521420069228
454.6991024218537
455.6460628367846
456.5930232517155
457.5399836666465
458.4869440815774
459.4339044965083
460.38086491143923
461.3278253263702
462.2747857413011
463.22174615623203
464.16870657116294
465.11566698609386
466.06262740102477
467.0095878159557
467.9565482308866
468.9035086458175
469.8504690607484
470.79742947567934
471.74438989061025
472.69135030554116
473.63831072047213
474.58527113540305
475.53223155033396
476.4791919652649
477.42615238019584
478.37311279512676
479.32007321005767
480.2670336249886
481.2139940399195
482.1609544548504
483.1079148697813
484.05487528471224
485.00183569964315
485.94879611457407
486.895756529505
487.8427169444359
488.7896773593668
489.7366377742978
490.6835981892287
491.6305586041596
492.5775190190905
493.5244794340215
494.4714398489524
495.4184002638833
496.3653606788142
497.31232109374514
498.25928150867605
499.20624192360697
500.1532023385379
501.1001627534688
502.0471231683997
502.9940835833306
503.94104399826153
504.88800441319245
505.8349648281234
506.78192524305433
507.72888565798524
508.67584607291616
509.62280648784713
510.56976690277804
511.51672731770896
512.4636877326399
513.4106481475708
514.3576085625017
515.3045689774326
516.2515293923635
517.1984898072944
518.1454502222253
519.0924106371563
520.0393710520872
520.9863314670181
521.9332918819491
522.8802522968799
523.827212711811
524.7741731267417
525.7211335416728
526.6680939566037
527.6150543715346
528.5620147864655
529.5089752013964
530.4559356163273
531.4028960312583
532.3498564461892
533.2968168611201
534.243777276051
535.1907376909819
536.1376981059129
537.0846585208437
538.0316189357748
538.9785793507056
539.9255397656366
540.8725001805674
541.8194605954984
542.7664210104292
543.7133814253602
544.6603418402912
545.6073022552221
546.554262670153
547.5012230850839
548.4481835000148
549.3951439149457
550.3421043298766
551.2890647448075
552.2360251597386
553.1829855746694
554.1299459896004
555.0769064045312
556.0238668194622
556.970827234393
557.917787649324
558.8647480642549
559.8117084791859
560.7586688941168
561.7056293090477
562.6525897239786
563.5995501389095
564.5465105538404
565.4934709687714
566.4404313837023
567.3873917986332
568.3343522135642
569.281312628495
570.228273043426
571.1752334583568
572.1221938732879
573.0691542882187
574.0161147031497
574.9630751180805
575.9100355330115
576.8569959479424
577.8039563628734
578.7509167778043
579.6978771927352
580.6448376076661
581.591798022597
582.5387584375279
583.4857188524588
584.4326792673899
585.3796396823207
586.3266000972517
587.2735605121825
588.2205209271135
589.1674813420443
590.1144417569753
591.0614021719061
592.0083625868372
592.9553230017681
593.902283416699
594.8492438316299
595.7962042465608
596.7431646614917
597.6901250764226
598.6370854913536
599.5840459062845
600.5310063212155
601.4779667361463
602.4249271510773
603.3718875660081
604.3188479809392
605.26580839587
606.212768810801
607.1597292257318
608.1066896406628
609.0536500555937
610.0006104705246
610.9475708854555
611.8945313003865
612.8414917153174
613.7884521302483
614.7354125451792
615.6823729601101
616.6293333750411
617.5762937899719
618.523254204903
619.4702146198338
620.4171750347648
621.3641354496956
622.3110958646266
623.2580562795574
624.2050166944884
625.1519771094194
626.0989375243503
627.0458979392812
627.9928583542121
628.939818769143
629.8867791840739
630.8337395990048
631.7807000139358
632.7276604288668
633.6746208437976
634.6215812587286
635.5685416736594
636.5155020885904
637.4624625035212
638.4094229184523
639.3563833333831
640.3033437483141
641.250304163245
642.1972645781759
643.1442249931068
644.0911854080377
645.0381458229687
645.9851062378996
646.9320666528305
647.8790270677614
648.8259874826924
649.7729478976232
650.7199083125543
651.666868727485
652.6138291424161
653.5607895573469
654.5077499722779
655.4547103872087
656.4016708021397
657.3486312170706
658.2955916320016
659.2425520469325
660.1895124618634
661.1364728767943
662.0834332917252
663.0303937066561
663.977354121587
664.9243145365181
665.8712749514489
666.8182353663799
667.7651957813107
668.7121561962417
669.6591166111725
670.6060770261035
671.5530374410343
672.4999978559654
673.4469582708963
674.3939186858272
675.3408791007581
676.287839515689
677.2347999306199
678.1817603455509
679.1287207604818
680.0756811754127
681.0226415903437
681.9696020052745
682.9165624202055
683.8635228351363
684.8104832500674
685.7574436649982
686.7044040799292
687.65136449486
688.598324909791
689.5452853247219
690.4922457396528
691.4392061545838
692.3861665695147
693.3331269844456
694.2800873993765
695.2270478143074
696.1740082292383
697.1209686441692
698.0679290591002
699.0148894740312
699.961849888962
700.908810303893
701.8557707188238
702.8027311337548
703.7496915486856
704.6966519636167
705.6436123785476
706.5905727934785
707.5375332084094
708.4844936233403
709.4314540382712
710.3784144532021
711.325374868133
712.272335283064
713.2192956979949
714.1662561129258
715.1132165278568
716.0601769427876
717.0071373577186
717.9540977726494
718.9010581875805
719.8480186025113
720.7949790174423
721.7419394323732
722.6888998473041
723.635860262235
724.582820677166
725.5297810920969
726.4767415070278
727.4237019219587
728.3706623368896
729.3176227518205
730.2645831667514
731.2115435816825
732.1585039966133
733.1054644115443
734.0524248264751
734.9993852414061
735.9463456563369
736.893306071268
737.8402664861989
738.7872269011298
739.7341873160607
740.6811477309916
741.6281081459225
742.5750685608534
743.5220289757843
744.4689893907153
745.4159498056462
746.3629102205771
747.3098706355081
748.2568310504389
749.2037914653699
750.1507518803007
751.0977122952318
752.0446727101626
752.9916331250936
753.9385935400245
754.8855539549554
755.8325143698863
756.7794747848172
757.7264351997482
758.6733956146791
759.62035602961
760.5673164445409
761.5142768594718
762.4612372744027
763.4081976893337
764.3551581042645
