# wavenlength / nm,  wavenumber / cm-1,  norm. intensity for wavelength, norm. intensity for wavenumber
4.000000000000000000e+02,2.500000000000000000e+01,8.426294393259020661e-09,1.348207102921443424e-03
4.005000000000000000e+02,2.496878901373283455e+01,8.723049261490304420e-09,1.399179282305360256e-03
4.010000000000000000e+02,2.493765586034912829e+01,7.864517069704527804e-09,1.264622209325557724e-03
4.015000000000000000e+02,2.490660024906600256e+01,7.724218850896989356e-09,1.245161458257009216e-03
4.020000000000000000e+02,2.487562189054726502e+01,8.508463776474797856e-09,1.375001780133433158e-03
4.025000000000000000e+02,2.484472049689441064e+01,7.662641045211338363e-09,1.241395740830769515e-03
4.030000000000000000e+02,2.481389578163771858e+01,8.938638110722185043e-09,1.451715276924279421e-03
4.035000000000000000e+02,2.478314745972738464e+01,8.083912383859714393e-09,1.316159964019063700e-03
4.040000000000000000e+02,2.475247524752475314e+01,9.051218661135193229e-09,1.477303704995841776e-03
4.045000000000000000e+02,2.472187886279357372e+01,8.397875761430510528e-09,1.374062531554200509e-03
4.050000000000000000e+02,2.469135802469135754e+01,9.109998537943965540e-09,1.494267510186258986e-03
4.055000000000000000e+02,2.466091245376079044e+01,8.841915325004081893e-09,1.453878347369252314e-03
4.060000000000000000e+02,2.463054187192118150e+01,9.208570126998392895e-09,1.517903865453907025e-03
4.065000000000000000e+02,2.460024600246002535e+01,9.458346864961482035e-09,1.562918517246681413e-03
4.070000000000000000e+02,2.457002457002457163e+01,8.554710790130744298e-09,1.417079287674367525e-03
4.075000000000000000e+02,2.453987730061349737e+01,9.799835149665507648e-09,1.627323875571642930e-03
4.079999999999999432e+02,2.450980392156862919e+01,1.039105664707939820e-08,1.729736853699424251e-03
4.085000000000000000e+02,2.447980416156670813e+01,1.037563216563797929e-08,1.731405084652382423e-03
4.090000000000000000e+02,2.444987775061124680e+01,1.143539199394935121e-08,1.912923808139841472e-03
4.095000000000000000e+02,2.442002442002441853e+01,1.310154460268226470e-08,2.197001289809939577e-03
4.100000000000000000e+02,2.439024390243902474e+01,1.272596457680360030e-08,2.139234645360685305e-03
4.105000000000000568e+02,2.436053593179049770e+01,1.420475192329501819e-08,2.393646297782425162e-03
4.110000000000000000e+02,2.433090024330900292e+01,1.456743198429087344e-08,2.460745178218398665e-03
4.115000000000000568e+02,2.430133657351154142e+01,1.671270124311095570e-08,2.829999305073775846e-03
4.120000000000000000e+02,2.427184466019417641e+01,1.760370385969649807e-08,2.988123107960322187e-03
4.125000000000000000e+02,2.424242424242424221e+01,2.045139133265407265e-08,3.479932056446919438e-03
4.130000000000000000e+02,2.421307506053268810e+01,2.113604270431654625e-08,3.605153668032569196e-03
4.135000000000000000e+02,2.418379685610640806e+01,2.491674682171004941e-08,4.260321434256333223e-03
4.140000000000000000e+02,2.415458937198067702e+01,2.648620395366100649e-08,4.539629412841681734e-03
4.145000000000000000e+02,2.412545235223160489e+01,3.036356412886334396e-08,5.216771543871043075e-03
4.150000000000000000e+02,2.409638554216867590e+01,3.340815978273824783e-08,5.753720318582095095e-03
4.155000000000000000e+02,2.406738868832731626e+01,3.860707599242057775e-08,6.665135251100486741e-03
4.160000000000000000e+02,2.403846153846154010e+01,4.320300998990788336e-08,7.476540096813498459e-03
4.165000000000000000e+02,2.400960384153661309e+01,4.908041678012465043e-08,8.514090329785978239e-03
4.170000000000000000e+02,2.398081534772182266e+01,5.573533076450258496e-08,9.691760931308589927e-03
4.175000000000000000e+02,2.395209580838323404e+01,6.387179345988902922e-08,1.113325279876778255e-02
4.180000000000000000e+02,2.392344497607655640e+01,7.329067303629586070e-08,1.280563955559375737e-02
4.185000000000000000e+02,2.389486260454002320e+01,8.520963605911660963e-08,1.492380738107481654e-02
4.190000000000000000e+02,2.386634844868735073e+01,1.011570251191837116e-07,1.775922848694901079e-02
4.195000000000000000e+02,2.383790226460071437e+01,1.146231696630975302e-07,2.017141405310431818e-02
4.200000000000000000e+02,2.380952380952381020e+01,1.347567460695908757e-07,2.377109000667582822e-02
4.205000000000000000e+02,2.378121284185493423e+01,1.540516095373312780e-07,2.723944411129330251e-02
4.210000000000000000e+02,2.375296912114014347e+01,1.829393449745522735e-07,3.242435244263461996e-02
4.214999999999999432e+02,2.372479240806643119e+01,2.117559740093139135e-07,3.762104279343621988e-02
4.220000000000000000e+02,2.369668246445497672e+01,2.441246127801700649e-07,4.347468754234380672e-02
4.225000000000000000e+02,2.366863905325443795e+01,2.835993276393644690e-07,5.062425247942430734e-02
4.230000000000000000e+02,2.364066193853427933e+01,3.249309962192674470e-07,5.813957822251730051e-02
4.235000000000000000e+02,2.361275088547815670e+01,3.783545170833016376e-07,6.785873393655358909e-02
4.240000000000000000e+02,2.358490566037735903e+01,4.309518113310084412e-07,7.747479283384337001e-02
4.245000000000000000e+02,2.355712603062426425e+01,5.027065323588483132e-07,9.058784280769754949e-02
4.249999999999999432e+02,2.352941176470588402e+01,5.767863657244699412e-07,1.041820373089823587e-01
4.255000000000000000e+02,2.350176263219741557e+01,6.557604247573355924e-07,1.187255888424218059e-01
4.260000000000000000e+02,2.347417840375586806e+01,7.508967273272613100e-07,1.362697344884420680e-01
4.265000000000000000e+02,2.344665885111371750e+01,8.519792900375166792e-07,1.549769498112268662e-01
4.270000000000000000e+02,2.341920374707260066e+01,9.743529169251107795e-07,1.776527929900385272e-01
4.275000000000000000e+02,2.339181286549707650e+01,1.089771454769087629e-06,1.991625444306430737e-01
4.280000000000000000e+02,2.336448598130841248e+01,1.218506359866725137e-06,2.232108690258261807e-01
4.285000000000000000e+02,2.333722287047841348e+01,1.367770713012222067e-06,2.511394581002783788e-01
4.290000000000000000e+02,2.331002331002331118e+01,1.525849385000177838e-06,2.808188466648177117e-01
4.295000000000000000e+02,2.328288707799767110e+01,1.693776434621414338e-06,3.124513623387209504e-01
4.300000000000000000e+02,2.325581395348837077e+01,1.864248969200067011e-06,3.446996344050923811e-01
4.305000000000000000e+02,2.322880371660859566e+01,2.010082720644380345e-06,3.725291331377031390e-01
4.310000000000000568e+02,2.320185614849187772e+01,2.194800708414355985e-06,4.077083743957592987e-01
4.315000000000000000e+02,2.317497103128621205e+01,2.381921602698340785e-06,4.434953425300101615e-01
4.320000000000000000e+02,2.314814814814814881e+01,2.561305838132837789e-06,4.780011407357027120e-01
4.325000000000000000e+02,2.312138728323699510e+01,2.762779272706476538e-06,5.167951303302008581e-01
4.330000000000000000e+02,2.309468822170900637e+01,2.926717127398192146e-06,5.487272674987596632e-01
4.335000000000000000e+02,2.306805074971164871e+01,3.102758872933603165e-06,5.830774286091467973e-01
4.340000000000000000e+02,2.304147465437787901e+01,3.227202388845009782e-06,6.078629331532906521e-01
4.345000000000000000e+02,2.301495972382048194e+01,3.407172381531553664e-06,6.432409257024374050e-01
4.350000000000000000e+02,2.298850574712643535e+01,3.564123533262343917e-06,6.744212755815670590e-01
4.354999999999999432e+02,2.296211251435132183e+01,3.694681810703327715e-06,7.007342758884456124e-01
4.360000000000000000e+02,2.293577981651376163e+01,3.842093685252410619e-06,7.303666411917423273e-01
4.365000000000000000e+02,2.290950744558992014e+01,3.996703596844798596e-06,7.615009288899323714e-01
4.370000000000000000e+02,2.288329519450800831e+01,4.106602168632979273e-06,7.842337095416713755e-01
4.375000000000000000e+02,2.285714285714285765e+01,4.200654399321722318e-06,8.040315061201734892e-01
4.380000000000000000e+02,2.283105022831050235e+01,4.307940970460747005e-06,8.264526275370716046e-01
4.385000000000000000e+02,2.280501710376282887e+01,4.409474156708663067e-06,8.478636121687943561e-01
4.390000000000000000e+02,2.277904328018223268e+01,4.505408085439434436e-06,8.682867516339731750e-01
4.395000000000000000e+02,2.275312855517633537e+01,4.562041011938287527e-06,8.812049823762526657e-01
4.400000000000000000e+02,2.272727272727272663e+01,4.630692731001481861e-06,8.965021127218869568e-01
4.405000000000000000e+02,2.270147559591373465e+01,4.677062729136294675e-06,9.075384212272888940e-01
4.410000000000000000e+02,2.267573696145124629e+01,4.722930942972979900e-06,9.185203327203280699e-01
4.415000000000000000e+02,2.265005662514156271e+01,4.717456665314845505e-06,9.195372674806666646e-01
4.420000000000000000e+02,2.262443438914027283e+01,4.744082697254602272e-06,9.268229720664480364e-01
4.425000000000000000e+02,2.259887005649717651e+01,4.750633544378466617e-06,9.302037394489560684e-01
4.429999999999999432e+02,2.257336343115124322e+01,4.761878426438394160e-06,9.345138793101080976e-01
4.435000000000000000e+02,2.254791431792559209e+01,4.739188445642042284e-06,9.321616385473359134e-01
4.440000000000000000e+02,2.252252252252252163e+01,4.707835161044989326e-06,9.280837923077649432e-01
4.445000000000000000e+02,2.249718785151856082e+01,4.697355032393703086e-06,9.281045816391060299e-01
4.449999999999999432e+02,2.247191011235955216e+01,4.663092749967890296e-06,9.234089418123911930e-01
4.455000000000000000e+02,2.244668911335578088e+01,4.617350473191289109e-06,9.164067027518935094e-01
4.460000000000000000e+02,2.242152466367712904e+01,4.575392377263592461e-06,9.101187501157647075e-01
4.465000000000000000e+02,2.239641657334826519e+01,4.509783940571571248e-06,8.990806734062147809e-01
4.470000000000000000e+02,2.237136465324384815e+01,4.449766313700229677e-06,8.891033573741292662e-01
4.475000000000000000e+02,2.234636871508379841e+01,4.387351045237278381e-06,8.785944677527977031e-01
4.479999999999999432e+02,2.232142857142857295e+01,4.353401874185975746e-06,8.737451697566218645e-01
4.484999999999999432e+02,2.229654403567447218e+01,4.304873860967374842e-06,8.659350630997744158e-01
4.490000000000000000e+02,2.227171492204899650e+01,4.233635615327262746e-06,8.535051736855915339e-01
4.495000000000000000e+02,2.224694104560622776e+01,4.191147028446945733e-06,8.468223048844625289e-01
4.500000000000000000e+02,2.222222222222222143e+01,4.155019472467936088e-06,8.413914431747570033e-01
4.505000000000000000e+02,2.219755826859045555e+01,4.073482709508655889e-06,8.267143342654591498e-01
4.510000000000000000e+02,2.217294900221729392e+01,4.007830088061181048e-06,8.151966477417322832e-01
4.515000000000000568e+02,2.214839424141749546e+01,3.979316763706910078e-06,8.111926757443722602e-01
4.520000000000000000e+02,2.212389380530973426e+01,3.955344426666831838e-06,8.080926877457403901e-01
4.525000000000000000e+02,2.209944751381215511e+01,3.934244261350139599e-06,8.055611015380744755e-01
4.530000000000000000e+02,2.207505518763796815e+01,3.887517189213934304e-06,7.977535148814022259e-01
4.535000000000000000e+02,2.205071664829106837e+01,3.872422616394805719e-06,7.964111482386426744e-01
4.540000000000000000e+02,2.202643171806167288e+01,3.870216326875857429e-06,7.977135084303441648e-01
4.545000000000000568e+02,2.200220022002200082e+01,3.878748857311707605e-06,8.012341211420939135e-01
4.550000000000000000e+02,2.197802197802197810e+01,3.863228165366468929e-06,7.997848109349933177e-01
4.555000000000000568e+02,2.195389681668495996e+01,3.859085060265264933e-06,8.006839330751024386e-01
4.559999999999999432e+02,2.192982456140351033e+01,3.878711735150154935e-06,8.065238033601824785e-01
4.565000000000000000e+02,2.190580503833515991e+01,3.905932827821530394e-06,8.139661303385913316e-01
4.570000000000000000e+02,2.188183807439824946e+01,3.916444892418239564e-06,8.179455993366570032e-01
4.575000000000000000e+02,2.185792349726775896e+01,3.954311240993018753e-06,8.276620571850950014e-01
4.580000000000000000e+02,2.183406113537117932e+01,3.985138603452371210e-06,8.359386140145832478e-01
4.585000000000000000e+02,2.181025081788440545e+01,4.039061858326748387e-06,8.491006717466302867e-01
4.590000000000000000e+02,2.178649237472766842e+01,4.068530348413816744e-06,8.571620423341713702e-01
4.595000000000000568e+02,2.176278563656147824e+01,4.109484368767325710e-06,8.676775569926256093e-01
4.600000000000000000e+02,2.173913043478260931e+01,4.162235985548232044e-06,8.807291345420059647e-01
4.605000000000000000e+02,2.171552660152008585e+01,4.205101564252677489e-06,8.917348889908137677e-01
4.610000000000000568e+02,2.169197396963123481e+01,4.254880209634413501e-06,9.042513970317154204e-01
4.615000000000000000e+02,2.166847237269772464e+01,4.272417131423214453e-06,9.099490135890618836e-01
4.619999999999999432e+02,2.164502164502164661e+01,4.302254367857844939e-06,9.182903812930496290e-01
4.625000000000000000e+02,2.162162162162162105e+01,4.378809778698064424e-06,9.366547792246329163e-01
4.630000000000000000e+02,2.159827213822894265e+01,4.379181082046202388e-06,9.387606693771622934e-01
4.635000000000000000e+02,2.157497303128371158e+01,4.405958708250184276e-06,9.465420227004806009e-01
4.640000000000000000e+02,2.155172413793103559e+01,4.434203024091968931e-06,9.546661742749046331e-01
4.645000000000000000e+02,2.152852529601722154e+01,4.470488146711577770e-06,9.645536401565266704e-01
4.650000000000000568e+02,2.150537634408602017e+01,4.500103433879012228e-06,9.730348649904896341e-01
4.654999999999999432e+02,2.148227712137486733e+01,4.522284314117639693e-06,9.799349185972295873e-01
4.660000000000000568e+02,2.145922746781115720e+01,4.531489732269643795e-06,9.840401843007470228e-01
4.664999999999999432e+02,2.143622722400857583e+01,4.553589858736597812e-06,9.909624706354402957e-01
4.670000000000000568e+02,2.141327623126338153e+01,4.559882689904883973e-06,9.944602559586664947e-01
4.675000000000000000e+02,2.139037433155080237e+01,4.560309718645230821e-06,9.966841909456567450e-01
4.680000000000000568e+02,2.136752136752136622e+01,4.565709693914820654e-06,1.000000000000000000e+00
4.685000000000000568e+02,2.134471718249733030e+01,4.545721919496569621e-06,9.977507319846211642e-01
4.690000000000000000e+02,2.132196162046908228e+01,4.526780608642179269e-06,9.957151894575423379e-01
4.695000000000000000e+02,2.129925452609158754e+01,4.490880760190297116e-06,9.899259686889372301e-01
4.700000000000000000e+02,2.127659574468085069e+01,4.485988211461994242e-06,9.909547959119545668e-01
4.704999999999999432e+02,2.125398512221041614e+01,4.424102739374598210e-06,9.793647294410393611e-01
4.710000000000000000e+02,2.123142250530785446e+01,4.434881608333912962e-06,9.838385708744035174e-01
4.714999999999999432e+02,2.120890774125132694e+01,4.379919138127840093e-06,9.737096784152606821e-01
4.720000000000000568e+02,2.118644067796610031e+01,4.371409640739584711e-06,9.738801254025278853e-01
4.725000000000000000e+02,2.116402116402116462e+01,4.312423198741957742e-06,9.627754317641341597e-01
4.729999999999999432e+02,2.114164904862579419e+01,4.235559009578534100e-06,9.476173816539956718e-01
4.735000000000000000e+02,2.111932418162618674e+01,4.195205454702697438e-06,9.405745021566178643e-01
4.740000000000000000e+02,2.109704641350210963e+01,4.153063731005935935e-06,9.330937468274896895e-01
4.745000000000000568e+02,2.107481559536353899e+01,4.100260168609079241e-06,9.231746020273766673e-01
4.749999999999999432e+02,2.105263157894736992e+01,4.032588293873351037e-06,9.098527338051745073e-01
4.755000000000000000e+02,2.103049421661409113e+01,3.993486162617349331e-06,9.029282197393232456e-01
4.760000000000000000e+02,2.100840336134453779e+01,3.947806654210637106e-06,8.944782404844293655e-01
4.765000000000000568e+02,2.098635886673661943e+01,3.864965347878433333e-06,8.775490784078312512e-01
4.769999999999999432e+02,2.096436058700209770e+01,3.791973704186363107e-06,8.627839849398187821e-01
4.775000000000000000e+02,2.094240837696334978e+01,3.718152568083814469e-06,8.477620239766602284e-01
4.780000000000000000e+02,2.092050209205021005e+01,3.677285806820192063e-06,8.402009702855047779e-01
4.784999999999999432e+02,2.089864158829676200e+01,3.628561415651640425e-06,8.308035859907846321e-01
4.790000000000000000e+02,2.087682672233820469e+01,3.574026278263730306e-06,8.200281633111085045e-01
4.795000000000000000e+02,2.085505735140771577e+01,3.474317395910536726e-06,7.988159242470995736e-01
4.800000000000000000e+02,2.083333333333333215e+01,3.412437329923449217e-06,7.862255608143626784e-01
4.805000000000000000e+02,2.081165452653485914e+01,3.341250151305937081e-06,7.714286702460525502e-01
4.810000000000000000e+02,2.079002079002079029e+01,3.329132626032284664e-06,7.702314534914553867e-01
4.815000000000000000e+02,2.076843198338525553e+01,3.205568541999390013e-06,7.431862233063580847e-01
4.820000000000000000e+02,2.074688796680498015e+01,3.161823464649671668e-06,7.345674746012703649e-01
4.825000000000000000e+02,2.072538860103626845e+01,3.146644037951409480e-06,7.325583985603253412e-01
4.830000000000000000e+02,2.070393374741200887e+01,3.062685476152798137e-06,7.144908320462101115e-01
4.835000000000000000e+02,2.068252326783867545e+01,3.019396320035850289e-06,7.058510713765008271e-01
4.839999999999999432e+02,2.066115702479338978e+01,2.956030905146935157e-06,6.924679757161003035e-01
4.844999999999999432e+02,2.063983488132095090e+01,2.930090830969831649e-06,6.878102541845658724e-01
4.849999999999999432e+02,2.061855670103092919e+01,2.899526413133508416e-06,6.820411005293293139e-01
4.855000000000000568e+02,2.059732234809474605e+01,2.815400125201251747e-06,6.636186673612185505e-01
4.859999999999999432e+02,2.057613168724279973e+01,2.779518430762982258e-06,6.565111352724931626e-01
4.865000000000000000e+02,2.055498458376156279e+01,2.778498475985967346e-06,6.576212709179297677e-01
4.869999999999999432e+02,2.053388090349076123e+01,2.721946511517811557e-06,6.455613321901676471e-01
4.874999999999999432e+02,2.051282051282051455e+01,2.656744178561296408e-06,6.313918586862079518e-01
4.880000000000000000e+02,2.049180327868852558e+01,2.653852883603544843e-06,6.319991411128825787e-01
4.885000000000000000e+02,2.047082906857727735e+01,2.636600751255568643e-06,6.291779696238066766e-01
4.890000000000000000e+02,2.044989775051124781e+01,2.567394669021934142e-06,6.139179806511939619e-01
4.894999999999999432e+02,2.042900919305413865e+01,2.548611379485955430e-06,6.106734097914745529e-01
4.900000000000000000e+02,2.040816326530612201e+01,2.523099727651753310e-06,6.057962446091860187e-01
4.904999999999999432e+02,2.038735983690112263e+01,2.502935767190422789e-06,6.021819419622854719e-01
4.910000000000000568e+02,2.036659877800407159e+01,2.496691010208678381e-06,6.019047654321185714e-01
4.914999999999999432e+02,2.034587995930824178e+01,2.476988137227687345e-06,5.983715975334010784e-01
4.920000000000000000e+02,2.032520325203251943e+01,2.450686633061059851e-06,5.932230091452923570e-01
4.925000000000000000e+02,2.030456852791878219e+01,2.401259822046995439e-06,5.824405777113865756e-01
4.930000000000000000e+02,2.028397565922920975e+01,2.433604624305043800e-06,5.914851703327166366e-01
4.934999999999999432e+02,2.026342451874366901e+01,2.390032515303738695e-06,5.820738963502317675e-01
4.940000000000000000e+02,2.024291497975708509e+01,2.361406591073338907e-06,5.762682188591733423e-01
4.945000000000000000e+02,2.022244691607684430e+01,2.335835919206065861e-06,5.711825412824390602e-01
4.950000000000000568e+02,2.020202020202020066e+01,2.311506964112789718e-06,5.663769938817364569e-01
4.955000000000000568e+02,2.018163471241170370e+01,2.295777542631179053e-06,5.636598762111928451e-01
4.960000000000000000e+02,2.016129032258064413e+01,2.281627063333860912e-06,5.613167636131430882e-01
4.965000000000000000e+02,2.014098690835851002e+01,2.293363874781055818e-06,5.653422888409963543e-01
4.970000000000000568e+02,2.012072434607645732e+01,2.276348701576980286e-06,5.622786164278285037e-01
4.974999999999999432e+02,2.010050251256281584e+01,2.252572706068677566e-06,5.575258233314105416e-01
4.980000000000000000e+02,2.008032128514056325e+01,2.255288452406784043e-06,5.593205573506920825e-01
4.985000000000000000e+02,2.006018054162487374e+01,2.223497950426531434e-06,5.525442435513815420e-01
4.990000000000000000e+02,2.004008016032064177e+01,2.203979034590104094e-06,5.487929835919704846e-01
4.995000000000000000e+02,2.002002002002002001e+01,2.170376623319586393e-06,5.415095101123926780e-01
5.000000000000000000e+02,2.000000000000000000e+01,2.142240681296076217e-06,5.355601703240190359e-01
5.005000000000000568e+02,1.998001998001997848e+01,2.120541177276689708e-06,5.311960950431051653e-01
5.009999999999999432e+02,1.996007984031936289e+01,2.061256833859267566e-06,5.173775265555099478e-01
5.015000000000000000e+02,1.994017946161515553e+01,2.087273872522894183e-06,5.249540753057210241e-01
5.020000000000000000e+02,1.992031872509960166e+01,2.060286111119351292e-06,5.192003411465210272e-01
5.025000000000000568e+02,1.990049751243780918e+01,2.024697448953069957e-06,5.112487602197062220e-01
5.030000000000000000e+02,1.988071570576540736e+01,1.989587844068319485e-06,5.033836308398814685e-01
5.035000000000000568e+02,1.986097318768619502e+01,1.975675182107809466e-06,5.008578606853106852e-01
5.040000000000000000e+02,1.984126984126984183e+01,1.937041592791824125e-06,4.920395572346079605e-01
5.045000000000000000e+02,1.982160555004955427e+01,1.933996252138485218e-06,4.922412095933502707e-01
5.050000000000000000e+02,1.980198019801980180e+01,1.918648324346836381e-06,4.893032889165519483e-01
5.055000000000000000e+02,1.978239366963402546e+01,1.884047687491479393e-06,4.814311765966196033e-01
5.060000000000000000e+02,1.976284584980237113e+01,1.851056762852964309e-06,4.739371693338215730e-01
5.065000000000000000e+02,1.974333662388943722e+01,1.835340201153455116e-06,4.708423047193599498e-01
5.069999999999999432e+02,1.972386587771203281e+01,1.809547438606080156e-06,4.651423595462542138e-01
5.075000000000000000e+02,1.970443349753694662e+01,1.761286851952727865e-06,4.536304367632497669e-01
5.080000000000000000e+02,1.968503937007874072e+01,1.745465916873470626e-06,4.504419163720353447e-01
5.085000000000000000e+02,1.966568338249754078e+01,1.700039760565310263e-06,4.395831059788335438e-01
5.089999999999999432e+02,1.964636542239685824e+01,1.675826478359229029e-06,4.341747998397872954e-01
5.094999999999999432e+02,1.962708537782139473e+01,1.619481098860960451e-06,4.204015033235913301e-01
5.099999999999999432e+02,1.960784313725490335e+01,1.617538018268563893e-06,4.207216385516533985e-01
5.105000000000000000e+02,1.958863858961802151e+01,1.598264821781400372e-06,4.165241947706562198e-01
5.109999999999999432e+02,1.956947162426614639e+01,1.574582893502791367e-06,4.111566597343422891e-01
5.115000000000000000e+02,1.955034213098729268e+01,1.531093843558920459e-06,4.005835272514683409e-01
5.120000000000000000e+02,1.953125000000000000e+01,1.492318349955999558e-06,3.912023015308655483e-01
5.125000000000000000e+02,1.951219512195121908e+01,1.462779417112783472e-06,3.842081562760295554e-01
5.130000000000000000e+02,1.949317738791422983e+01,1.436701886145834728e-06,3.780953986751131590e-01
5.135000000000000000e+02,1.947419668938656301e+01,1.393246714625368558e-06,3.673744285175251090e-01
5.140000000000000000e+02,1.945525291828793613e+01,1.381748306074972942e-06,3.650523754717835412e-01
5.145000000000000000e+02,1.943634596695821060e+01,1.332826931085712470e-06,3.528129501344317021e-01
5.150000000000000000e+02,1.941747572815533829e+01,1.315330770329783332e-06,3.488586035607167957e-01
5.155000000000000000e+02,1.939864209505334713e+01,1.294936158852378109e-06,3.441166585874706474e-01
5.160000000000000000e+02,1.937984496124030898e+01,1.260744924270708097e-06,3.356809005566216420e-01
5.165000000000000000e+02,1.936108422071636070e+01,1.231874897560121826e-06,3.286300381406331850e-01
5.170000000000000000e+02,1.934235976789168276e+01,1.237715284734718695e-06,3.308276807414582410e-01
5.175000000000000000e+02,1.932367149758454161e+01,1.185619172012111101e-06,3.175162243846684218e-01
5.180000000000000000e+02,1.930501930501930374e+01,1.163688091651074704e-06,3.122454435041829846e-01
5.185000000000000000e+02,1.928640308582449236e+01,1.137502940754375575e-06,3.058088499740230226e-01
5.190000000000000000e+02,1.926782273603082984e+01,1.133566773130946316e-06,3.053386795773248563e-01
5.195000000000000000e+02,1.924927815206929793e+01,1.092512913185360944e-06,2.948476581386935136e-01
5.200000000000000000e+02,1.923076923076922995e+01,1.099369691443234839e-06,2.972695645662506991e-01
5.205000000000000000e+02,1.921229586935638878e+01,1.054044073778813217e-06,2.855618839791745356e-01
5.210000000000000000e+02,1.919385796545105549e+01,1.029966564471494889e-06,2.795751542267070344e-01
5.215000000000000000e+02,1.917545541706615708e+01,1.022312783242921040e-06,2.780304847345070884e-01
5.220000000000000000e+02,1.915708812260536575e+01,9.970728874988540832e-07,2.716864086772377562e-01
5.225000000000000000e+02,1.913875598086124441e+01,9.871133542487909341e-07,2.694881151683840015e-01
5.230000000000000000e+02,1.912045889101338503e+01,9.717162783294817544e-07,2.657925818951847874e-01
5.235000000000000000e+02,1.910219675262655059e+01,9.421594927053096949e-07,2.582009288347487108e-01
5.240000000000000000e+02,1.908396946564885610e+01,9.098799871505652924e-07,2.498312073518536014e-01
5.245000000000000000e+02,1.906577693040991406e+01,9.307824130271074818e-07,2.560584745193605349e-01
5.250000000000000000e+02,1.904761904761904745e+01,9.004028176989558557e-07,2.481735266282747154e-01
5.255000000000000000e+02,1.902949571836346365e+01,8.852054872051044862e-07,2.444497165930614169e-01
5.260000000000000000e+02,1.901140684410646386e+01,8.566277002062152364e-07,2.370083255822548196e-01
5.265000000000000000e+02,1.899335232668565965e+01,8.534171706446990961e-07,2.365691598913445270e-01
5.270000000000000000e+02,1.897533206831119656e+01,8.395838135084470039e-07,2.331767729418874890e-01
5.275000000000000000e+02,1.895734597156398138e+01,8.284082645580607689e-07,2.305097771649338989e-01
5.280000000000000000e+02,1.893939393939393767e+01,8.102695422248673903e-07,2.258901840596174437e-01
5.285000000000000000e+02,1.892147587511825790e+01,8.089027130314813477e-07,2.259364368079273822e-01
5.290000000000000000e+02,1.890359168241965904e+01,7.833171916802007857e-07,2.192042662369790562e-01
5.295000000000000000e+02,1.888574126534466302e+01,7.807347729877892060e-07,2.188948034862797098e-01
5.300000000000000000e+02,1.886792452830188793e+01,7.688114339501170922e-07,2.159591317965878776e-01
5.305000000000000000e+02,1.885014137606032136e+01,7.590348621258164701e-07,2.136153710067840716e-01
5.310000000000000000e+02,1.883239171374764709e+01,7.526429674663747636e-07,2.122159637497864904e-01
5.315000000000000000e+02,1.881467544684854332e+01,7.350485754700896008e-07,2.076455259438404199e-01
5.320000000000000000e+02,1.879699248120300581e+01,7.191770588566990030e-07,2.035443679058583921e-01
5.325000000000000000e+02,1.877934272300469587e+01,7.114894103577753921e-07,2.017472691157619347e-01
5.330000000000000000e+02,1.876172607879924925e+01,6.792953157844111134e-07,1.929803269658775799e-01
5.335000000000000000e+02,1.874414245548266322e+01,7.021489872451298018e-07,1.998472245849301498e-01
5.340000000000000000e+02,1.872659176029962680e+01,6.968990305034012381e-07,1.987249399422278684e-01
5.345000000000000000e+02,1.870907390084190780e+01,6.635254756531671796e-07,1.895627590207222546e-01
5.350000000000000000e+02,1.869158878504672927e+01,6.550668688877678962e-07,1.874965145474013772e-01
5.355000000000000000e+02,1.867413632119514588e+01,6.294584970764560265e-07,1.805036759862687912e-01
5.360000000000000000e+02,1.865671641791044877e+01,6.415066336605528674e-07,1.843022898241422070e-01
5.365000000000000000e+02,1.863932898415657036e+01,6.171437373201995598e-07,1.776338704862820139e-01
5.370000000000000000e+02,1.862197392923649986e+01,6.130187148252092623e-07,1.767755937754307560e-01
5.375000000000000000e+02,1.860465116279069875e+01,6.160596364607809754e-07,1.779834793462475029e-01
5.380000000000000000e+02,1.858736059479553759e+01,6.080017586231592436e-07,1.759824610229216990e-01
5.385000000000000000e+02,1.857010213556174705e+01,5.965638481615878123e-07,1.729929269585555873e-01
5.390000000000000000e+02,1.855287569573283690e+01,5.739035615936531235e-07,1.667310366177497116e-01
5.395000000000000000e+02,1.853568118628359684e+01,5.841820636825680537e-07,1.700321775009641934e-01
5.400000000000000000e+02,1.851851851851851904e+01,5.564237179417602805e-07,1.622531561518172905e-01
5.405000000000000000e+02,1.850138760407030603e+01,5.683789345327680098e-07,1.660463640291364729e-01
5.410000000000000000e+02,1.848428835489833588e+01,5.656263543313539146e-07,1.655480870120550063e-01
5.415000000000000000e+02,1.846722068328716659e+01,5.363863705084131715e-07,1.572804184298105534e-01
5.420000000000000000e+02,1.845018450184501901e+01,5.423630964512189524e-07,1.593267526658958821e-01
5.425000000000000000e+02,1.843317972350230249e+01,5.183910524485280095e-07,1.525657266796796030e-01
5.430000000000000000e+02,1.841620626151012985e+01,5.124478077432548397e-07,1.510947236652909476e-01
5.435000000000000000e+02,1.839926402943882167e+01,5.108995779929635981e-07,1.509157758673919936e-01
5.440000000000000000e+02,1.838235294117647101e+01,5.110433871150039990e-07,1.512361358092658148e-01
5.445000000000000000e+02,1.836547291092745482e+01,5.004080925074863763e-07,1.483611163686426870e-01
5.450000000000000000e+02,1.834862385321100930e+01,4.815755525899257443e-07,1.430399785080226915e-01
5.455000000000000000e+02,1.833180568285976264e+01,4.802844756181524593e-07,1.429183714808125449e-01
5.460000000000000000e+02,1.831501831501831390e+01,4.758068787242918127e-07,1.418456434577709813e-01
5.465000000000000000e+02,1.829826166514181196e+01,4.541480397177468746e-07,1.356368753751916456e-01
5.470000000000000000e+02,1.828153564899451666e+01,4.572202343956924628e-07,1.368044091133007456e-01
5.475000000000000000e+02,1.826484018264840259e+01,4.398551792728486926e-07,1.318493390819068523e-01
5.480000000000000000e+02,1.824817518248175219e+01,4.327190031597385647e-07,1.299472475248821257e-01
5.485000000000000000e+02,1.823154056517775601e+01,4.250156648485817712e-07,1.278669190549417412e-01
5.490000000000000000e+02,1.821493624772313424e+01,4.243060986782932897e-07,1.278862824477362825e-01
5.495000000000000000e+02,1.819836214740673341e+01,4.117363988483306179e-07,1.243239085663531418e-01
5.500000000000000000e+02,1.818181818181818343e+01,4.026205412298257061e-07,1.217927137220222722e-01
5.505000000000000000e+02,1.816530426884650495e+01,3.955615880226744563e-07,1.198750381406684939e-01
5.510000000000000000e+02,1.814882032667876643e+01,3.877984881481427665e-07,1.177360088002642885e-01
5.515000000000000000e+02,1.813236627379873056e+01,3.935295371072360308e-07,1.196928941526243378e-01
5.520000000000000000e+02,1.811594202898550776e+01,3.888674338140165754e-07,1.184894625528661039e-01
5.525000000000000000e+02,1.809954751131221684e+01,3.640564851274243015e-07,1.111305174381783112e-01
5.530000000000000000e+02,1.808318264014466692e+01,3.667048706028806289e-07,1.121416497741963281e-01
5.535000000000000000e+02,1.806684733514001806e+01,3.538675213028498396e-07,1.084116500282640005e-01
5.540000000000000000e+02,1.805054151624548808e+01,3.330648703063317185e-07,1.022229377349381102e-01
5.545000000000000000e+02,1.803426510369702385e+01,3.622427691234445492e-07,1.113788747830777720e-01
5.550000000000000000e+02,1.801801801801801872e+01,3.395931813840338165e-07,1.046031896958170143e-01
5.555000000000000000e+02,1.800180018001800164e+01,3.385219317163172412e-07,1.044611823195041034e-01
5.560000000000000000e+02,1.798561151079136522e+01,3.243998900021388552e-07,1.002836843957011920e-01
5.565000000000000000e+02,1.796945193171608324e+01,3.165543039826168800e-07,9.803441464756057488e-02
5.570000000000000000e+02,1.795332136445242455e+01,3.005062467193580532e-07,9.323176253843411254e-02
5.575000000000000000e+02,1.793721973094170252e+01,3.099991392873543359e-07,9.634966998513026792e-02
5.580000000000000000e+02,1.792114695340501740e+01,2.878803653680382060e-07,8.963558208245385461e-02
5.585000000000000000e+02,1.790510295434198795e+01,2.991220952540590859e-07,9.330283697636043705e-02
5.590000000000000000e+02,1.788908765652951871e+01,2.828225521790931857e-07,8.837667392747521056e-02
5.595000000000000000e+02,1.787310098302055295e+01,2.887972336547897805e-07,9.040515822260380974e-02
5.600000000000000000e+02,1.785714285714285765e+01,2.712138937561511211e-07,8.505267708192899845e-02
5.605000000000000000e+02,1.784121320249776943e+01,2.844858919739790974e-07,8.937415894401826155e-02
5.610000000000000000e+02,1.782531194295900079e+01,2.710233988290382539e-07,8.529675510287375306e-02
5.615000000000000000e+02,1.780943900267141444e+01,2.511162447909988807e-07,7.917249466925690982e-02
5.620000000000000000e+02,1.779359430604982251e+01,2.661308232013123973e-07,8.405582372319531093e-02
5.625000000000000000e+02,1.777777777777777857e+01,2.489627833894320905e-07,7.877338068181249930e-02
5.630000000000000000e+02,1.776198934280639463e+01,2.517120650780451875e-07,7.978492155572290689e-02
5.635000000000000000e+02,1.774622892635315097e+01,2.518070032817818786e-07,7.995684431782158763e-02
5.640000000000000000e+02,1.773049645390070950e+01,2.512282810942535565e-07,7.991471130295767222e-02
5.645000000000000000e+02,1.771479185119574851e+01,2.346665759503453835e-07,7.477890975898104919e-02
5.650000000000000000e+02,1.769911504424778670e+01,2.324378557241764133e-07,7.419997449355021646e-02
5.655000000000000000e+02,1.768346595932802856e+01,2.346598177386857960e-07,7.504192177960876398e-02
5.660000000000000000e+02,1.766784452296819907e+01,2.213905409949098907e-07,7.092378815096535283e-02
5.665000000000000000e+02,1.765225066195939974e+01,2.247997119038362590e-07,7.214322934353091521e-02
5.670000000000000000e+02,1.763668430335097170e+01,2.128048889620152837e-07,6.841443094750933318e-02
5.675000000000000000e+02,1.762114537444933760e+01,2.055485368814761333e-07,6.619819098103489619e-02
5.680000000000000000e+02,1.760563380281690016e+01,2.182648435916508615e-07,7.041747689891277029e-02
5.685000000000000000e+02,1.759014951627088763e+01,2.025065559538217279e-07,6.544854945846653727e-02
5.690000000000000000e+02,1.757469244288224886e+01,2.037634029043600829e-07,6.597064308771852237e-02
5.695000000000000000e+02,1.755926251097453772e+01,2.028589124822356317e-07,6.579328180009159921e-02
5.700000000000000000e+02,1.754385964912280826e+01,1.942767244964629159e-07,6.312050778890079816e-02
