% pixel	signal	rms signal	reference	rms reference
0	214.303		5.27883	3156.87	25.1361
1	208.098		5.23644	3151.56	25.0126
2	194.272		5.63524	3105.73	25.9895
3	169.055		5.32968	2977.51	26.6699
4	143.933		4.98076	2694.55	30.1615
5	144.131		5.24723	2174.95	32.6099
6	176.288		5.38	1586.87	25.0906
7	210.768		5.30505	1387.87	10.935
8	235.8		5.75879	1747.19	17.9731
9	254.176		5.53563	2284.54	18.7745
10	267.842		5.61909	2715.83	16.8351
11	283.961		5.73404	3053.04	17.7345
12	298.768		5.72783	3325.89	19.0149
13	312.299		5.81375	3568.42	20.7162
14	325.292		6.0585	3774.46	21.5892
15	337.765		5.77755	3936.84	21.4297
16	355.95		6.1591	4086.56	21.5447
17	377.258		6.1275	4266.17	21.4741
18	403.158		6.31453	4506.31	22.3961
19	435.723		6.25664	4824.21	23.1783
20	470.71		6.67866	5191.3	25.0084
21	492.872		6.94745	5559.55	26.6792
22	506.244		6.42203	5866.27	26.9917
23	519.87		6.87083	6086.32	26.9377
24	526.955		6.82862	6228.23	26.489
25	534.388		7.46041	6305.78	27.7025
26	541.455		7.28102	6333.17	28.2938
27	548.172		7.25747	6331.48	29.0203
28	557.923		7.0506	6324.26	28.3249
29	566.213		6.91862	6321.81	27.618
30	575.427		6.8635	6351.99	28.5102
31	586.225		6.98022	6402.69	27.4192
32	598.162		7.02737	6441.23	27.3165
33	620.102		7.35657	6449.1	27.0004
34	648.237		7.20541	6479.68	27.0342
35	666.534		7.67228	6637.53	28.8176
36	671.121		7.0671	6868.85	30.9773
37	671.652		7.34533	7006.49	31.4114
38	674.261		7.16804	6974.13	30.7401
39	685.61		7.34669	6833.25	31.6557
40	702.566		7.1608	6741.14	29.786
41	721.088		7.29061	6743.95	31.5007
42	734.858		7.58971	6799.58	31.8598
43	744.875		7.16055	6846.75	34.2491
44	756.298		8.18515	6850.32	34.3567
45	772.639		7.42843	6820.99	35.2338
46	798.811		8.06337	6807.91	35.9875
47	828.805		7.69398	6850.33	36.3098
48	857.656		7.99809	6946.2	37.738
49	885.63		7.96428	7083.96	39.3036
50	910.077		7.98272	7229.85	38.1795
51	929.734		7.54312	7340.06	40.8959
52	943.26		8.43574	7427.17	41.9274
53	956.725		8.61021	7472.98	43.4072
54	960.497		8.71275	7470.7	45.2342
55	958.64		8.8137	7409.52	46.5316
56	962.357		8.13443	7344.31	44.7002
57	965.778		7.95583	7279.77	44.3623
58	971.881		8.00988	7177.11	44.1109
59	975.093		8.04415	7056.26	44.3338
60	980.78		8.6006	6989.23	44.5163
61	988.267		8.00372	6942.53	45.9626
62	996.595		8.56982	6894.41	45.7175
63	1005.81		9.50361	6860.14	48.235
64	1015.65		9.55344	6855.91	49.7473
65	1023.2		9.36094	6862.7	52.166
66	1028.43		9.52021	6874.72	52.0592
67	1033.91		9.50862	6883.87	52.3675
68	1035.5		9.03028	6887.7	51.0253
69	1034.63		8.74984	6887.32	50.603
70	1032.99		8.30864	6867.85	50.0071
71	1020.96		8.74438	6831.79	50.1806
72	1011.16		8.60103	6778.56	52.1249
73	1005.07		8.76537	6692.15	55.0893
74	988.81		9.43639	6574.04	58.4895
75	976.225		9.94834	6416.82	63.2421
76	968.773		10.1759	6244.36	62.949
77	968.831		11.1885	6118.89	62.5279
78	960.266		10.9619	6073.22	61.1513
79	939.655		10.8992	6074.22	58.9578
80	908.238		10.2231	6023.34	58.3112
81	890.608		9.44696	5840.1	58.9003
82	911.664		8.24631	5580.42	52.4319
83	971.458		8.24914	5455.27	47.2594
84	1052.65		9.21551	5602.1	43.2893
85	1133.71		8.91703	6008.05	45.5344
86	1193.32		9.96447	6533.15	51.3139
87	1222.1		11.0567	7025.1	62.6633
88	1217.93		13.0026	7366.39	72.6902
89	1203.06		14.3415	7486.59	83.964
90	1201.75		15.2909	7415.72	90.4099
91	1207.42		16.2149	7287.04	90.3445
92	1222.37		16.5049	7239.02	84.612
93	1246.03		16.3279	7284.76	80.7933
94	1259.37		14.0522	7401.87	75.465
95	1253.93		13.9306	7553.87	72.7726
96	1286.39		12.0778	7705.61	70.5301
97	1332.54		12.0343	7839.24	68.0191
98	1357.43		11.2491	7967.74	68.9494
99	1381.62		10.5273	8091.24	69.4585
100	1407.13		10.8712	8210.18	74.6599
101	1437.72		11.1536	8322.44	77.0903
102	1468.14		12.7242	8436.63	83.5207
103	1478.36		14.8664	8548.99	91.803
104	1458.51		16.9589	8648.37	99.8921
105	1463		19.8085	8735.99	105.217
106	1494.59		22.5042	8775.98	108.757
107	1483.37		23.5398	8747.4	111.158
108	1445.72		23.0232	8653.74	109.59
109	1396.33		22.3805	8495.34	105.27
110	1332.47		20.5565	8273.64	99.0424
111	1248.75		19.0058	7991.84	93.1682
112	1130		17.5371	7621.9	85.5398
113	944.876		16.3829	7103.47	81.0613
114	684.842		15.0799	6318.75	81.6015
115	419.437		10.6376	5074.47	86.6581
116	268.182		7.21855	3386.24	83.0033
117	221.952		6.14725	1851.11	53.489
118	215.766		5.38217	1028.45	23.5583
119	228.321		5.67419	748.434	11.1423
120	265.113		5.97671	699.591	8.25007
121	341.725		5.84101	767.771	8.53788
122	472.369		6.86403	982.301	10.9037
123	615.762		7.77915	1467.55	17.747
124	695.459		10.2203	2259.88	23.5857
125	673.55		11.5972	3057.49	24.8483
126	594.034		11.2189	3411.95	37.1674
127	518.201		10.2963	3210.73	46.7138
128	485.843		8.25594	2735.03	42.3374
129	523.709		7.70557	2313.51	32.0978
130	622.604		8.76234	2172.91	20.3799
131	744.518		8.98917	2426.32	19.0233
132	840.677		10.5264	3005.2	22.5218
133	850.272		11.4993	3694.16	24.5111
134	742.328		12.476	4179.14	27.9012
135	590.012		10.341	4099.06	40.6906
136	488.357		7.84721	3402.19	48.1569
137	469.463		7.02355	2556.47	37.7238
138	529.952		7.01889	2037.14	22.1348
139	645.533		7.34871	1966.02	13.7698
140	773.066		8.14046	2306.47	17.8834
141	925.115		8.68011	2880.75	21.5961
142	1134.78		9.75261	3494.13	23.8929
143	1388.23		10.6567	4267.21	31.2489
144	1620.29		11.6866	5350.11	39.3651
145	1780.96		14.5711	6589.92	45.5941
146	1880.51		17.3663	7605.45	58.8099
147	1963.91		19.5317	8245.45	71.2126
148	2049.11		22.1107	8681.8	80.2306
149	2113.87		25.1551	9074.85	86.1116
150	2142.73		27.4868	9406.34	92.9441
151	2140.17		27.509	9610.6	96.6974
152	2124.83		28.4726	9656.46	101.418
153	2107.03		29.155	9577.94	98.8776
154	2088.05		28.6185	9449.31	94.6316
155	2073.79		27.3007	9344.92	92.1154
156	2075.68		27.2413	9248.9	85.155
157	2099.33		25.6747	9188.82	78.9447
158	2141.19		24.3899	9206.38	72.6045
159	2198.1		22.5005	9327.82	66.8009
160	2253.99		21.066	9527.14	62.3525
161	2301.8		20.4822	9801.21	60.5043
162	2333.04		19.2356	10066.3	58.543
163	2352.36		18.267	10273.1	59.1797
164	2356.33		16.5156	10379.1	57.7776
165	2353.02		15.9087	10400.2	58.7254
166	2350.62		15.3911	10367.2	58.1318
167	2351.09		15.0451	10309.7	57.9198
168	2347.64		14.0475	10235.9	55.6023
169	2352.12		13.1102	10151.2	57.7473
170	2390.89		13.9038	9986.82	56.3973
171	2447.78		13.1322	9932.54	58.2317
172	2498.05		13.8475	10121.9	60.1027
173	2512.3		14.8005	10368.8	62.8588
174	2538.14		13.623	10513.6	68.9964
175	2600.87		15.5052	10556.4	73.228
176	2668.95		16.1692	10568.6	77.8581
177	2740.01		17.591	10673.3	80.4869
178	2807.95		19.4291	10875.2	84.5288
179	2866.5		22.0533	11114.3	91.2187
180	2920.15		23.7734	11310.5	97.0126
181	2971.87		24.4908	11473	102.071
182	3007.97		25.883	11624	105.8
183	3037.62		26.9349	11768.7	110.669
184	3058.52		29.2099	11862.5	114.526
185	3072.36		29.2731	11926.6	116.922
186	3084.72		31.0609	11974.3	118.47
187	3093.75		33.4201	11999.1	120.796
188	3100.02		34.5725	11969	123.644
189	3106.4		35.5398	11874	122.186
190	3111.61		36.4423	11850.8	121.012
191	3109.03		37.1242	11924.1	118.555
192	3087.88		35.7745	12000.2	117.559
193	3090.64		35.283	12029	113.582
194	3112.04		35.58	12026.8	107.556
195	3121.26		33.7402	12047	105.236
196	3115.32		33.1638	12081.7	98.801
197	3113.56		31.7408	12130.9	98.1752
198	3134.38		30.1248	12174.8	95.8456
199	3161.84		29.4233	12228.6	93.2604
200	3171.39		28.4502	12264.9	90.3842
201	3173.02		27.6441	12353.8	87.7512
202	3181.93		27.082	12463.2	85.0449
203	3198.46		25.2377	12545.2	81.254
204	3218.31		26.0826	12616.1	81.9835
205	3240.73		24.5261	12686.7	78.256
206	3261.81		22.8914	12764.5	73.787
207	3278.53		21.8794	12829	72.1794
208	3295.37		19.8893	12911.3	70.1448
209	3319.28		19.2317	12973.3	69.5881
210	3335.3		18.5235	12997.2	69.2607
211	3347.53		18.8185	12995.9	67.9968
212	3362.14		17.8598	13030.2	68.7856
213	3384.12		18.1025	13149.3	71.0417
214	3400.62		17.6278	13211.8	73.0662
215	3416.92		17.1959	13255.4	73.653
216	3430.67		18.6756	13285	72.668
217	3454.41		18.2522	13308.7	75.8086
218	3474.59		19.4095	13327	74.8481
219	3494.62		18.954	13356.2	73.9405
220	3515.98		19.1273	13389.8	75.1163
221	3531.97		19.2784	13408.4	73.3484
222	3541.09		18.8934	13427.9	73.4327
223	3531.86		18.4295	13448.4	75.0155
224	3522.9		18.6196	13481.4	76.542
225	3533.34		19.6772	13520.8	78.4279
226	3570.77		19.3854	13536.6	83.8757
227	3643.18		19.8044	13554.8	86.3991
228	3672.82		20.9298	13516.6	93.1964
229	3660.01		20.3186	13405.5	96.9177
230	3625.46		22.2353	13345.7	99.346
231	3598.93		21.7279	13336	105.274
232	3547.63		23.4554	13269.9	109.047
233	3464.46		23.6637	13085.7	110.082
234	3317.74		24.0779	12777.1	111.45
235	3083.88		23.3365	12312.6	111.965
236	2856.68		22.5051	11647.9	110.968
237	2627.66		21.2639	10795	105.216
238	2457.56		19.1153	9830.29	98.8692
239	2370.42		18.1815	8918.46	89.533
240	2351.91		17.0481	8256.76	79.1656
241	2393.11		17.9178	7959.76	71.6954
242	2515.22		18.3592	7973.63	71.0138
243	2721.9		20.583	8226.37	73.7741
244	2906.84		21.0961	8710.35	78.4458
245	3034.17		24.3651	9352.86	88.4185
246	3201.5		27.8411	9976.94	102.991
247	3324.46		30.018	10438.7	110.773
248	3388.97		32.2205	10677.6	120.864
249	3421.88		33.3892	10824.8	123.241
250	3421.34		35.6784	11024.8	128.797
251	3401.82		34.778	11126	131.885
252	3377.58		35.7288	11064.2	129.704
253	3358.78		35.8455	10940.6	125.898
254	3358.11		34.3922	10812.7	121.846
255	3390.92		34.603	10726.8	116.715
256	3440.41		33.8527	10735.1	114.318
257	3489.7		32.4558	10826.6	111.88
258	3527.78		33.3612	10971.2	114.121
259	3552.44		33.5434	11092.4	120.191
260	3573.63		33.5041	11115.9	124.357
261	3597.06		35.798	11112.6	128.65
262	3622.11		37.1988	11128.2	135.702
263	3653.45		39.3071	11127.2	142.426
264	3693.58		40.8068	11169.5	148.534
265	3729.36		42.5466	11222.4	153.809
266	3732		44.7167	11277.5	158.119
267	3699.19		47.093	11317.7	162.316
268	3712.55		47.6029	11306.4	165.088
269	3742.66		48.9687	11262	160.115
270	3736.17		48.5967	11218.3	156.17
271	3720.66		47.8047	11155.6	149.689
272	3708.44		45.6194	11094.6	140.922
273	3688.68		43.5423	10956.3	133.073
274	3666.11		42.4615	10814.4	125.397
275	3636.1		38.6777	10785.9	119.316
276	3605.43		37.636	10762.5	116.801
277	3585.84		35.6686	10672	112.199
278	3563.1		35.4471	10555	112.524
279	3512.79		34.0957	10441.9	114.658
280	3434.89		33.7648	10315.9	118.553
281	3409.45		35.3104	10179.7	124.557
282	3400.77		35.8971	10026.8	130.26
283	3353.55		37.7044	9848.41	135.058
284	3301.97		38.5341	9673.35	140.417
285	3253.86		40.5402	9486.54	143.215
286	3199.4		41.4362	9296.25	143.709
287	3136.64		42.1779	9100.68	141.45
288	3082.56		42.6796	8898.92	136.344
289	3045.95		41.9701	8716.97	131.291
290	2999.43		40.3023	8561.18	123.662
291	2953.71		39.5806	8410.15	115.03
292	2911.23		36.6449	8254.93	103.212
293	2873.66		34.8283	8131.19	94.0937
294	2840.91		32.1654	8019.6	82.6542
295	2820.44		29.2649	7924.46	74.8196
296	2799.51		26.7305	7847.14	69.6184
297	2785.09		24.6115	7787.95	66.296
298	2777.68		23.987	7725.07	63.5913
299	2772.05		23.049	7687.22	64.3676
300	2770.68		23.0276	7651.92	67.2805
301	2773.19		23.9169	7612.76	70.7476
302	2768.21		24.1337	7586.55	78.7806
303	2754.51		24.8849	7554.56	83.394
304	2760.09		26.1289	7514.68	92.3573
305	2772.48		27.5156	7470.78	99.6208
306	2768.95		29.5597	7421.9	105.311
307	2725.18		31.5933	7365.74	111.545
308	2575.4		32.1031	7300.64	113.699
309	2414.68		30.2182	7239.46	114.151
310	2351.58		30.9912	7161.36	110.606
311	2413.31		31.6923	7085.97	106.36
312	2533.24		32.3177	7009.63	96.0258
313	2598.07		30.0367	6932.86	85.4936
314	2606.63		27.8088	6831.33	74.9872
315	2586.89		26.2119	6767.83	60.9491
316	2557.37		22.6858	6680.73	53.5197
317	2512.95		20.2669	6585.56	45.0318
318	2466.82		19.7075	6550.49	42.2352
319	2454.32		19.6705	6511.77	41.5963
320	2447.25		20.0107	6456.27	40.7708
321	2430.61		20.5556	6393.15	43.4153
322	2406.78		19.959	6328.28	41.2104
323	2377.69		20.4216	6255.72	41.8517
324	2339.93		20.7414	6175.56	43.6069
325	2324.94		19.47	6096.4	47.3287
326	2320.29		18.8308	6003.09	53.4611
327	2297.04		18.1514	5903.79	60.4737
328	2273.17		19.4593	5803.33	67.6599
329	2250.34		20.0952	5697.97	76.861
330	2221.92		21.4777	5575.68	83.1586
331	2196.22		23.6912	5463.49	87.5113
332	2169.77		25.104	5356.03	88.5733
333	2145.47		25.1961	5248.13	87.3091
334	2110.17		25.4252	5149.74	82.8718
335	2031.65		24.06	5051.34	76.3301
336	1966.03		23.0744	4964.17	67.0351
337	1954.92		20.2444	4912.22	57.0506
338	2004.79		19.6648	4878.53	45.137
339	2053.85		18.5865	4860.4	34.9559
340	2064.12		16.9171	4853.19	32.219
341	2071		17.2764	4864.8	35.6701
342	2086.34		18.5991	4899.37	42.8624
343	2108.43		21.1843	4929.76	48.9275
344	2135.16		24.8874	4979.3	55.2702
345	2163.4		27.3713	5058.4	59.2503
346	2198.04		29.4868	5153.06	59.3952
347	2235.64		29.5341	5230.81	55.369
348	2264.15		28.8184	5303.72	49.1162
349	2295.2		27.6049	5373.93	45.123
350	2338.25		25.2909	5430.12	42.1893
351	2375.44		22.9643	5462.47	43.2506
352	2400.34		21.1292	5482.37	51.5058
353	2413.15		19.4561	5479.48	65.2213
354	2412.85		19.322	5448.7	78.6871
355	2407.18		21.2571	5394.76	91.1414
356	2397.51		24.1244	5324.65	99.6317
357	2367.49		27.196	5233.89	106.532
358	2345.47		28.2407	5125.85	109.53
359	2315.55		29.3996	5008.36	106.819
360	2218.13		28.3767	4895.1	98.4605
361	2126.25		26.7818	4771.62	86.7426
362	2107.76		24.8382	4649.36	73.3156
363	2131.03		22.6679	4540.59	58.0903
364	2103.67		19.2935	4440.1	42.0898
365	2052.27		17.0335	4348.66	31.7609
366	2001.62		16.2649	4278.74	34.5806
367	1961.81		16.9803	4222.13	43.1879
368	1935.53		19.1623	4169.64	55.31
369	1899.55		21.8504	4114.21	65.1213
370	1853.58		24.1402	4057.17	70.7088
371	1800.29		25.0628	3996.74	74.1748
372	1753.67		26.0122	3924.33	69.3604
373	1728.76		25.8894	3848.52	66.2618
374	1715.69		24.6422	3784.11	57.8217
375	1711.94		23.3375	3732.69	49.4961
376	1715.9		20.853	3668.55	39.6239
377	1730.21		19.1522	3642.02	30.9622
378	1751.56		16.4706	3652	29.1237
379	1785.35		15.4169	3661.65	33.1991
380	1826.66		17.1134	3676.62	43.6095
381	1873.15		19.3178	3702.61	56.9556
382	1922.49		24.601	3741.22	70.828
383	1955.8		29.786	3784.45	85.6351
384	1975.15		35.3266	3807.32	97.4821
385	1990.74		39.4008	3801.31	106.64
386	1995.53		43.6053	3767.62	112.778
387	1985.79		46.8083	3720.81	113.914
388	1974.27		48.1087	3658.51	109.75
389	1961.96		47.6901	3597.99	102.378
390	1948.75		47.0896	3541.59	90.8953
391	1923.01		44.0638	3489.07	75.5756
392	1909.68		41.0394	3455.2	58.8205
393	1915.92		35.7694	3461.97	41.8506
394	1933.11		30.5238	3499.15	31.6679
395	1959.65		26.4334	3464.8	35.7235
396	1998.35		20.7547	3427.22	57.8009
397	2037.43		17.6931	3600.24	82.9688
398	2082.35		17.1714	3879.01	101.072
399	2130.57		20.191	3963.93	114.478
400	2175.33		22.122	3756.25	119.729
401	2214.01		23.8219	3450.84	119.468
402	2247.38		26.1838	3354.39	114.43
403	2275.62		26.1222	3591.98	108.571
404	2292.77		24.6635	4019.62	103.874
405	2304.27		22.8641	4402.28	94.7253
406	2301.3		20.4824	4601.15	74.8156
407	2290.59		18.1088	4581.25	48.4328
408	2271.48		19.2828	4357.33	35.2711
409	2243.75		22.2975	4059.88	41.3078
410	2214.06		27.5171	3858.27	51.472
411	2167.26		34.5449	3708.07	59.9796
412	2103.11		40.3788	3563.68	69.2133
413	2057.12		46.742	3519.58	81.3126
414	2032.9		52.214	3573.8	97.8463
415	1984.11		57.3864	3578.76	113.324
416	1924.86		60.6449	3476.3	121.853
417	1866.68		61.011	3296.04	120.764
418	1812.44		61.6694	3108.55	111.947
419	1746.93		59.3871	2961.18	102.477
420	1635.75		53.4857	2859.66	91.3804
421	1555.66		45.2224	2787.55	79.5456
422	1539.05		39.5023	2706.38	66.0308
423	1565.28		33.1726	2647.18	49.2623
424	1592.47		24.7486	2626.27	32.0986
425	1593.1		17.6497	2658.33	26.6028
426	1592.5		15.0964	2701.04	43.1968
427	1608.01		18.8859	2754.51	65.3458
428	1605.61		28.4031	2813.67	86.1879
429	1551.69		37.9487	2899.51	104.905
430	1487.08		46.9974	3024.24	123.984
431	1502.76		56.4549	3190.73	142.408
432	1635.62		63.2077	3393.33	157.715
433	1795.96		67.7618	3633.38	168.662
434	1888.94		67.362	3915.07	174.267
435	1956.35		62.9991	4207.63	175.509
436	2070.31		58.5578	4504.51	170.143
437	2166.93		54.0132	4786.75	159.872
438	2232.86		48.9712	5053.07	146.176
439	2320.98		44.2082	5329.44	127.74
440	2438.53		39.6821	5603.51	103.122
441	2570.18		33.3001	5844.04	78.7441
442	2710.58		24.6364	6034.83	54.8287
443	2848.44		19.2374	6166.31	46.8208
444	2918.23		25.2118	6222.74	61.6175
445	2918.88		36.0666	6258.17	87.6976
446	2868.61		46.002	6202.56	115.587
447	2788.17		54.3188	6072.45	142.327
448	2732.06		62.8971	5911.08	162.028
449	2685.42		68.7111	5708.72	178.762
450	2618.23		74.8879	5424.86	187.072
451	2535.43		77.5769	5101.3	188.411
452	2435.96		78.034	4806.16	180.614
453	2330.08		75.0919	4531.17	169.793
454	2228.63		70.7898	4227.33	148.627
455	2114.5		63.3109	3974.35	127.466
456	1991.52		54.2311	3758.71	101.844
457	1899.81		45.3851	3589.09	75.4101
458	1822.8		36.5312	3433.63	48.3959
459	1747.15		27.7815	3342.76	30.0771
460	1696.66		21.3805	3284.78	31.757
461	1670.63		14.3426	3247.21	48.6551
462	1651.15		12.132	3233.39	68.869
463	1635.55		12.7561	3288.7	88.1849
464	1625.25		16.2556	3358.93	104.029
465	1618.47		20.845	3433.36	117.485
466	1612.98		26.1579	3503.02	127.234
467	1591.4		28.2349	3598.99	135.593
468	1552.67		29.4569	3706.63	139.731
469	1570.18		31.2349	3817.41	139.976
470	1634.07		33.2775	3906.95	138.855
471	1687.49		35.1767	4011.82	135.109
472	1725.18		34.4526	4117.78	129.457
473	1784.24		33.6758	4243.16	121.7
474	1850.91		32.3196	4369.27	113.092
475	1933.37		29.3801	4514.6	102.299
476	2018.81		25.4114	4649.47	87.9442
477	2131.9		21.9212	4824.36	75.5475
478	2258.02		18.6125	5021.8	59.0506
479	2395.83		18.6584	5234.44	43.9536
480	2529.09		26.0493	5468.07	34.9055
481	2672.56		35.3072	5762.83	41.7362
482	2871.72		48.7969	6092.15	61.3318
483	3056.12		67.7182	6413.21	89.6035
484	3172.58		86.3531	6736.95	121.541
485	3208.35		103.462	7043.73	155.417
486	3190.23		118.636	7296.1	189.257
487	3086.54		131.383	7417.4	219.473
488	2905.91		136.607	7445.97	242.884
489	2664.87		136.527	7354.67	262.051
490	2364.76		129.223	7108.5	268.84
491	2024.51		114.737	6707.58	263.203
492	1672.3		97.0335	6173.36	248.079
493	1346.44		79.0254	5527.37	224.729
494	1065.31		60.1533	4821.9	193.321
495	847.821		42.8385	4120.38	161.289
496	678.11		30.3439	3491.8	127.383
497	551.036		18.1822	2959.05	99.5916
498	460.383		9.68209	2510.25	72.0519
499	410.529		7.72152	2141.28	51.5248
500	388.418		11.2742	1852.79	33.1398
501	392.343		15.1146	1646.38	20.0126
502	415.498		17.2192	1498.9	13.4262
503	449.276		19.0882	1408.73	11.3297
504	482.474		19.2316	1343.91	13.1077
505	510.704		18.8482	1313.85	14.3805
506	527.393		16.6719	1293.72	14.9357
507	531.295		14.9441	1277.18	14.7176
508	538.761		13.0032	1263.42	13.737
509	544.354		11.8596	1239.04	12.6739
510	530.813		9.75994	1210.21	10.8099
511	506.243		8.56743	1168.47	9.57752
512	33.56		5.01799	45.144	18.4192
513	47.077		4.8332	83.22	22.8344
514	46.244		4.52196	82.369	23.2955
515	46.496		4.8497	85.075	22.5982
516	47.145		4.58868	85.542	22.5566
517	47.198		4.74773	86.965	22.6502
518	47.615		4.79677	88.53	22.8084
519	47.966		4.88044	90.026	22.8818
520	48.539		4.47898	90.349	22.5757
521	48.82		4.71984	92.607	22.1245
522	49.14		4.95895	93.648	22.2228
523	48.935		4.6587	94.856	22.7948
