% pixel	signal	rms signal	reference	rms reference
0	812.57		9.27955	6152.1	41.1427
1	854.941		9.78706	6387.8	42.1986
2	900.286		9.63695	6688.99	44.0325
3	945.093		9.9429	7038.53	45.8384
4	984.947		10.6671	7395.95	48.1505
5	1015.41		10.6318	7703.47	49.1231
6	1037.5		11.405	7927.95	49.5794
7	1049.75		10.718	8033.19	50.7413
8	1051.41		10.9851	8035.94	50.309
9	1053.82		10.8023	7993.05	50.3214
10	1059.12		11.5824	7964.89	47.6515
11	1070.53		10.9566	7983	48.3965
12	1090.1		11.2302	8038.23	48.8432
13	1121.45		11.2282	8089.16	48.9447
14	1161.84		11.2397	8163.44	47.4864
15	1213.78		11.4603	8335.65	49.1471
16	1284.15		12.5473	8637.84	48.7577
17	1368.33		12.9156	9054.48	51.3431
18	1461.37		14.3694	9545.94	55.8502
19	1557.82		14.3974	10079.4	57.6025
20	1641.36		14.7945	10624.4	58.6247
21	1698.46		14.579	11147	60.3293
22	1744.91		15.5644	11584.3	61.5723
23	1781.41		14.9211	11894.4	62.0559
24	1805.76		16.0044	12096	61.6965
25	1833.12		15.9077	12216.6	63.7591
26	1866.56		16.4259	12284.6	63.8594
27	1911.14		15.0851	12353.4	64.0161
28	1974.03		16.9524	12462.8	62.3386
29	2047.93		15.7433	12631.1	64.6635
30	2136.48		17.2718	12896.5	63.8468
31	2235.26		17.4936	13250	64.4423
32	2331.69		18.8417	13667.8	66.8173
33	2425.79		19.4401	14139.7	69.6993
34	2508.95		19.293	14597.7	71.7375
35	2571.24		19.968	14997.4	74.7204
36	2620.12		20.3761	15315.3	74.9899
37	2660.15		19.3027	15530	71.5977
38	2688.87		18.1596	15636.6	70.9356
39	2719.86		18.6693	15647.4	67.1522
40	2753.9		19.4312	15607.1	69.6374
41	2800.27		20.8436	15515.2	69.0641
42	2856.93		20.4338	15419.2	69.8491
43	2932.21		19.8361	15360.5	71.5501
44	3027.28		19.3925	15379.9	71.4679
45	3142.13		19.7234	15501.4	71.6738
46	3273.57		20.004	15709	69.6994
47	3415.05		19.7278	15986.1	71.4205
48	3551.81		21.7735	16328.9	73.3699
49	3679.75		22.0269	16699.9	76.3833
50	3789.97		22.7245	17063.6	79.9458
51	3877.8		23.627	17348.5	80.8976
52	3942.18		24.5526	17546.8	83.3438
53	3987.02		23.526	17620.7	86.1782
54	4012.85		22.2631	17615.7	83.3821
55	4034.59		21.7676	17540.3	83.7885
56	4072.56		20.9768	17401.2	79.1267
57	4110.46		21.1414	17230	79.1555
58	4149.84		21.9682	17064.2	75.7421
59	4195.62		21.7496	16918.1	77.1403
60	4250.89		22.3004	16840	82.8177
61	4308.19		24.1421	16811.4	84.6582
62	4368.52		25.5513	16813.3	87.3347
63	4432.62		27.0999	16828.6	94.3494
64	4492.03		26.8258	16896.6	98.1205
65	4547.01		25.5298	16977.7	98.5121
66	4595.59		25.0417	17054.2	98.2541
67	4635.68		23.0929	17116.3	93.2947
68	4642.33		22.3993	17146.8	94.3596
69	4639.64		21.8473	17152.2	91.6907
70	4648.07		22.034	17120	90.6844
71	4668.86		23.9158	17063.1	91.8332
72	4713.98		26.1364	17004	100.148
73	4759.19		29.4014	16935.8	108.956
74	4798.14		32.0978	16879.5	116.009
75	4838.8		34.5564	16866.9	124.597
76	4890.01		35.3715	16899.1	131.013
77	4968.69		34.6988	16987.2	130.226
78	5066.69		31.8001	17148.2	126.888
79	5185.77		29.3811	17365.6	121.232
80	5320.42		26.2102	17654.2	113.664
81	5452.38		25.3934	17988.6	111.892
82	5580.85		27.3556	18355.8	107.44
83	5703.4		27.0554	18735.3	113.718
84	5800.27		30.6804	19071.2	117.663
85	5865.57		36.9915	19360.7	129.665
86	5895.63		43.4628	19563.8	145.94
87	5900.94		50.7781	19678	163.929
88	5881.43		56.8709	19701.2	180.561
89	5845.07		58.8069	19616.2	195.86
90	5802.75		59.0465	19465.3	201.208
91	5742.99		56.6776	19271.5	197.924
92	5686.01		52.2045	19086.3	191.942
93	5671.7		44.6633	18938.4	178.005
94	5683.05		38.7892	18829.1	160.468
95	5717.97		34.0509	18781.3	147.786
96	5808.16		32.1495	18814.1	136.261
97	5930.66		31.1712	18912.4	126.536
98	6037.07		34.658	19080.7	129.173
99	6148.84		37.1975	19307.5	133.698
100	6242.21		44.5036	19576.9	143.979
101	6315.41		53.005	19864.2	162.049
102	6384.02		61.7797	20158.6	181.995
103	6443.65		70.9891	20417.2	201.649
104	6501.03		79.0968	20619.6	219.853
105	6566.39		84.0684	20786.7	234.354
106	6631.96		86.6319	20898.1	240.094
107	6638.59		84.8368	20930	243.325
108	6614.62		79.1215	20925.1	236.566
109	6587.94		73.1116	20868.1	224.451
110	6571.98		64.4189	20785.8	206.859
111	6576.86		58.8699	20702.6	189.873
112	6590.97		51.5777	20622.7	172.892
113	6619.52		46.8233	20558.3	155.571
114	6662.43		44.8881	20527.7	148.36
115	6714.19		45.2248	20543.1	142.426
116	6790.25		47.1187	20600.1	143.029
117	6889.1		50.6151	20630.9	148.374
118	6992.65		55.9881	20604.9	153.576
119	7103.46		62.0447	20594.5	165.541
120	7215.48		72.2077	20667.8	180.301
121	7323.63		81.7599	20870	198.9
122	7415.98		90.9521	21243.2	216.763
123	7499.42		99.4325	21730.7	236.529
124	7577.86		106.264	22123.8	253.575
125	7652.12		106.763	22347.7	261.501
126	7705.98		109.201	22492	264.721
127	7743.96		106.515	22613.8	262.345
128	7762.64		104.197	22715.2	253.707
129	7763.94		98.9469	22773	241.105
130	7792.04		91.9257	22808.9	228.491
131	7823.44		82.8006	22819	207.632
132	7849.56		75.0341	22814.5	191.449
133	7879.77		67.4687	22810.9	174.239
134	7916.7		62.188	22807.5	159.484
135	7973.4		58.3986	22828.5	147.61
136	8038.07		55.9169	22860.8	138.759
137	8110.14		56.1672	22908.5	138.416
138	8187.44		56.2142	22976.9	138.976
139	8267.76		60.1979	23059.1	144.449
140	8368.5		62.1869	23158.3	150.527
141	8469.41		66.6811	23287.9	161.884
142	8557.45		73.782	23419.9	173.663
143	8639.09		81.1509	23519.9	193.818
144	8704.14		91.0506	23604	209.08
145	8757.72		100.261	23682.4	223.807
146	8793.57		108.973	23743.1	242.626
147	8820.03		117.398	23804.6	258.842
148	8848.91		125.198	23851	269.126
149	8859.94		126.944	23874.9	280.797
150	8861.69		131.117	23858.7	286.915
151	8848.32		129.901	23779.3	287.62
152	8815.4		130.065	23695	284.97
153	8782.47		128.182	23590.4	275.58
154	8772.39		125.642	23479.5	264.504
155	8769		121.068	23393	253.214
156	8762.56		116.411	23325.5	242.032
157	8769.32		109.846	23275.7	227.342
158	8795.64		101.763	23224	211.836
159	8834.63		93.7058	23217.3	197.413
160	8887.46		87.7606	23255.4	184.955
161	8966.19		79.7664	23353.3	171.197
162	9060.56		74.6718	23482	159.769
163	9177.48		71.4731	23645.5	148.527
164	9303.19		69.0345	23846.3	141.545
165	9439.34		68.8854	24069.4	138.752
166	9598.05		69.3443	24339.6	136.021
167	9765.8		70.4692	24593.8	138.123
168	9928.86		70.4712	24841.5	141.897
169	10083.2		73.9166	25107.5	147.424
170	10229.6		76.6627	25390.1	155.184
171	10365.5		78.3917	25707.7	163.16
172	10511.6		80.7033	26079.3	171.995
173	10637.3		86.086	26408.5	183.518
174	10775.5		91.4563	26647.3	193.49
175	10920.1		97.2799	26824.4	205.582
176	11017.9		107.443	26962.9	222.131
177	11084.4		116.252	27090.5	239.951
178	11140.2		125.772	27182.9	256.301
179	11178.1		131.5	27242	273.479
180	11196.3		137.017	27245.3	281.697
181	11206.7		141.64	27218.1	294.239
182	11198.3		144.25	27152.1	297.581
183	11191.9		144.052	27087.8	309.061
184	11183.9		147.703	26997.9	311.447
185	11175.2		150.583	26911.9	311.221
186	11171		151.435	26774.1	311.849
187	11166.1		154.833	26615.3	307.486
188	11166.7		159.987	26481.4	307.25
189	11163.5		159.737	26414.6	309.479
190	11159.8		160.625	26437.5	308.356
191	11154.9		159.583	26521.7	305.256
192	11178.4		157.914	26579	301.678
193	11214.9		152.504	26579.6	294.159
194	11230.5		147.166	26598.8	283.36
195	11264.2		140.875	26688.4	273.664
196	11312.9		133.33	26772.3	262.54
197	11402.7		128.5	26872.6	248.711
198	11516.1		123.292	26983	236.666
199	11604.9		122.461	27102.5	228.486
200	11642.9		119.279	27255.8	220.147
201	11661.7		116.291	27485.1	212.051
202	11711.8		114.581	27708.1	206.816
203	11833.6		111.474	27876.2	198.474
204	11942.5		110.094	28022.3	196.801
205	12009.6		104.792	28179.9	191.007
206	12090		100.16	28315.1	187.422
207	12161.3		95.9475	28448.1	177.102
208	12238.6		91.3337	28535.8	171.133
209	12319.7		86.3711	28608.2	165.551
210	12382.3		82.1382	28684.8	158.409
211	12448		79.0518	28792.4	153.182
212	12501.7		77.125	28911.3	149.967
213	12583.7		78.7077	29098.2	154.159
214	12649.3		80.8064	29233.4	154.6
215	12714.7		83.0697	29328	155.555
216	12791.5		84.9988	29419.6	157.364
217	12885.4		88.4145	29502.8	163.109
218	12961.6		89.6648	29578.1	167.675
219	13036.2		90.1011	29668.8	170.387
220	13100.5		88.0295	29751.7	171.025
221	13145.7		88.4188	29850.6	172.599
222	13182.1		84.8745	29980	174.11
223	13258.9		84.9258	30110	177.077
224	13388.4		83.4607	30276.6	173.747
225	13572		84.9194	30450.2	178.379
226	13753.9		85.8868	30570.1	180.963
227	13922.6		88.6296	30672.9	182.968
228	14030.9		92.2303	30781.6	191.44
229	14135.3		97.1789	30971.3	200.767
230	14276.9		106.774	31189.1	213.316
231	14416		115.236	31460.9	227.115
232	14520.8		124.363	31689.9	243.042
233	14599.8		127.487	31849.2	257.448
234	14644.6		135.986	31985.4	269.172
235	14680.7		138.055	32078.4	277.545
236	14781.5		141.027	32157.9	282.69
237	14881.7		139.932	32206.5	286.598
238	14965.1		137.988	32216	287.945
239	14998.8		136.483	32223.5	287.736
240	15001.2		134.406	32184.4	292.31
241	14981.2		132.843	32139.2	294.122
242	14974.6		133.619	32046.2	296.228
243	14970.4		140.091	31901.7	303.118
244	14914.4		143.934	31725.9	307.736
245	14845.2		152.57	31459.4	320.432
246	14849.2		160.851	31102	331.803
247	14786.5		169.637	30677.5	344.447
248	14673.6		177.254	30311.2	352.45
249	14552.5		187.622	30042	362.327
250	14428.2		191.847	29846.6	370.318
251	14293.8		194.903	29606.1	378.774
252	14153.9		196.191	29281.2	376.671
253	14021.1		192.456	28930.2	373.046
254	13906.2		186.234	28579.5	364.39
255	13806.5		179.592	28274.2	356.605
256	13714.8		172.989	27998.1	349.707
257	13631.4		166.695	27723	338.822
258	13554.9		162.54	27451.9	332.828
259	13491.4		159.134	27179	325.622
260	13464.5		156.732	26926.2	322.173
261	13449.4		162.181	26735.1	326.331
262	13430		166.384	26573.4	331.698
263	13406.1		173.739	26465.2	341.038
264	13372		180.958	26375.4	352.534
265	13319.3		189.866	26260.6	365.347
266	13262.9		198.46	26146.9	376.94
267	13228.6		207.668	26013.4	386.096
268	13230		214.335	25864.2	392.915
269	13216.5		218.53	25725.8	397.197
270	13154.1		219.501	25561	397.7
271	13071.8		217.539	25338.6	391.197
272	12982.6		212.808	25088.7	383.934
273	12881.2		203.432	24839	372.284
274	12770.1		191.821	24646.3	356.715
275	12666.3		180.761	24490.6	340.949
276	12545.8		172.043	24287.2	327.734
277	12409.1		160.248	24025.9	310.74
278	12243.4		151.324	23741.5	300.367
279	12071.5		146.69	23452.5	292.669
280	11915.2		144.397	23134.5	289.884
281	11790.4		144.509	22797.9	290.064
282	11658.3		150.594	22437	297.729
283	11488.1		155.378	22053.4	299.428
284	11297.9		160.625	21664.1	309.534
285	11113.4		170.224	21255	317.892
286	10913.4		176.687	20835.6	326.82
287	10721.4		181.001	20415.9	330.468
288	10544.2		185.998	20015.3	331.095
289	10380.6		185.32	19635.2	330.612
290	10210.7		184.37	19271	322.583
291	10046.9		178.562	18917.2	312.966
292	9892.8		171.14	18574.8	298.581
293	9761.58		160.765	18282.6	284.122
294	9657.93		149.364	18007.7	263.613
295	9574.3		137.832	17787	244.005
296	9494.15		124.589	17580	223.388
297	9444.15		112.19	17408.8	205.135
298	9411.48		99.9856	17268.6	192.216
299	9396.87		93.8114	17166.2	177.836
300	9382.87		89.0656	17079	173.213
301	9371.69		88.1757	17017.8	172.906
302	9368.08		92.0581	16974.3	176.99
303	9380.54		95.5498	16923.4	186.593
304	9398.4		102.342	16877.1	196.081
305	9343.26		111.97	16833.6	210.498
306	9154.85		120.709	16775.1	228.272
307	8829.48		126.53	16701.9	242.353
308	8490.78		134.068	16613.7	255.461
309	8348.56		140.793	16511.1	267.739
310	8451.79		148.843	16373.9	272.611
311	8688.4		158.913	16223.9	273.158
312	8853.68		158.78	16032.3	268.021
313	8882.39		156.774	15830.3	257.519
314	8806.68		147.744	15611.3	241.7
315	8669.58		133.656	15378	222.73
316	8514.7		119.243	15142.9	199.389
317	8362.08		102.545	14951.2	175.09
318	8246.66		86.4681	14779	150.591
319	8162.01		71.0653	14582.3	129.892
320	8066.66		57.8433	14377.5	106.705
321	7956.96		45.331	14168.8	91.555
322	7845.16		38.476	13961.4	81.5105
323	7734.67		33.3919	13759.5	77.6093
324	7642.53		32.7655	13562.2	75.324
325	7585.25		35.2513	13369	81.4979
326	7521.1		40.3104	13166.7	92.0999
327	7444.97		47.5133	12975.7	104.892
328	7364.51		57.5623	12779.1	120.844
329	7292.48		69.5748	12579.4	139.31
330	7208.83		82.0645	12369.8	157.335
331	7119.14		93.9628	12178.3	170.31
332	7012.53		105.495	11983.1	184.102
333	6883.97		109.849	11786.3	194.112
334	6732.44		116.694	11597.2	198.453
335	6586.95		118.475	11418.4	196.669
336	6519.17		118.509	11282.2	192.808
337	6542.42		116.165	11173.1	183.138
338	6612.96		106.394	11079	165.233
339	6653.43		94.649	11010.1	145.547
340	6651.27		81.2164	10967.7	124.373
341	6660.64		64.2211	10945.1	99.6119
342	6690.15		47.9885	10948.2	76.1723
343	6740.67		34.5113	10992.3	53.9048
344	6808.19		27.2336	11085.6	38.0544
345	6878.98		28.1538	11207.5	32.4645
346	6981.29		34.7871	11359.7	37.2354
347	7085.99		42.5294	11497.3	42.4621
348	7197.17		44.2696	11655.5	43.2629
349	7318.79		46.1421	11818.7	41.6939
350	7444.23		40.1482	11963.4	36.861
351	7553.26		36.0212	12080.2	38.0324
352	7634.47		29.5934	12179.7	51.9972
353	7682.28		30.1118	12249.7	74.9469
354	7704.84		41.8975	12277.2	102.444
355	7704.94		59.077	12230.5	130.646
356	7670.94		76.8052	12103.8	161.49
357	7603.46		95.8497	11925.6	184.407
358	7487.78		107.356	11745.6	200.964
359	7295.73		118.557	11590.8	212.886
360	7092.62		125.165	11435.3	217.64
361	6979.66		125.921	11244.3	214.73
362	6934.49		122.04	10998.3	204.153
363	6837.32		112.882	10691	178.433
364	6653.09		99.9036	10381.9	149.24
365	6486.75		82.7167	10110.6	111.814
366	6394.14		62.6303	9909.86	77.6009
367	6386.01		44.3956	9786.94	46.5593
368	6364.95		28.703	9723.83	34.7109
369	6317.93		29.2715	9704.8	46.0275
370	6276.68		43.6516	9693.78	72.864
371	6260.85		58.8912	9662.96	94.2516
372	6294.26		72.6469	9599.32	111.996
373	6367.56		84.2214	9510.97	118.5
374	6451.12		88.8625	9441.57	116.844
375	6551.2		92.3734	9416.57	109.879
376	6661.19		86.4976	9518.2	101.545
377	6781.16		79.3052	9785.18	88.9545
378	6898.96		65.8579	10064.6	69.3648
379	6998.44		47.4565	10223.4	44.3964
380	7083.44		32.6508	10181	45.7367
381	7171.58		33.7383	9943.09	78.2384
382	7268.52		52.0683	9629.63	109.864
383	7361.16		76.2351	9406.97	136.585
384	7444.86		103.136	9373.09	161.922
385	7504.51		128.819	9576.12	182.205
386	7524.34		152.848	9884.72	212.628
387	7515.11		171.62	10081.1	239.602
388	7507.15		181.858	10027	260.639
389	7495.34		188.779	9694.25	258.788
390	7483.36		189.646	9178.66	237.318
391	7488		185.484	8662.87	203.011
392	7515.5		177.36	8368.86	161.525
393	7547.35		160.103	8419.56	129.639
394	7561.35		137.223	8766.28	104.842
395	7565.29		106.61	9203.5	76.3826
396	7560.67		76.6719	9521	49.1136
397	7552.8		50.3317	9604.22	52.2304
398	7550.33		30.6376	9502.06	92.7101
399	7600		33.8159	9287.16	128.81
400	7704.34		55.2211	9108.65	155.063
401	7851.12		77.2226	9104.83	171.201
402	8021.48		96.5797	9321.59	184.385
403	8163.16		105.592	9709.48	197.186
404	8244.84		106.453	10160.6	207.094
405	8212.67		94.7173	10560.6	199.034
406	8086.19		78.9455	10791.1	172.045
407	7942.86		60.7041	10801.7	133.245
408	7856.02		44.6663	10604.8	93.241
409	7854.69		30.9835	10290.3	56.8309
410	7890.56		33.2639	9971.96	38.9731
411	7908.99		56.039	9759.64	44.3577
412	7862.86		89.8025	9748.48	69.8261
413	7755.31		125.12	9868.58	114.853
414	7521.93		155.589	9922.08	164.622
415	7141		176.066	9770.17	206.501
416	6768.99		187.28	9468.53	233.427
417	6429.81		194.621	9126.38	246.888
418	6133.69		193.804	8768.58	255.488
419	5903.65		196.134	8454.22	258.755
420	5734.34		192.649	8165.34	259.529
421	5668.06		187.957	7915.15	253.794
422	5653.09		178.322	7685.94	234.83
423	5585.46		158.161	7522.85	202.686
424	5440.41		130.234	7393.39	165.675
425	5287.78		97.1703	7302.32	124.161
426	5194.87		67.1037	7268.45	80.7969
427	5203.92		40.7391	7273.85	46.8235
428	5263.58		29.8785	7335.27	48.2409
429	5391.27		48.4917	7460.01	87.4795
430	5578.25		81.3815	7680.22	140.538
431	5793.25		117.251	7982.9	191.075
432	6051.21		150.974	8403.32	241.785
433	6396.69		179.039	8917.68	282.293
434	6845.43		197.21	9508.24	318.068
435	7348.4		210.675	10128	344.19
436	7883.1		220.728	10785.8	360.647
437	8367.89		224.21	11502.8	365.405
438	8823.36		217.912	12274.3	357.179
439	9319.44		208.711	13015.8	332.607
440	9898.56		189.236	13743.1	302.41
441	10466.5		161.594	14433.4	254.845
442	10978.5		119.639	15083.7	198.341
443	11397.7		75.3576	15586.3	133.004
444	11681		45.6129	16044.4	75.3122
445	11832.6		68.9767	16320.7	71.0335
446	11875		117.41	16439	133.404
447	11849.2		167.498	16419.5	207.568
448	11712.6		216.652	16254.5	279.662
449	11510.3		259.144	15827.5	337.857
450	11217.6		296.756	15324.7	386.013
451	10843.4		324.335	14738.6	420.868
452	10338.1		339.544	14130.8	438.406
453	9812.76		345.745	13403.6	442.888
454	9256.79		339.05	12704.4	433.016
455	8751.44		329.094	12000.6	411.174
456	8239.79		308.767	11343.1	376.376
457	7770.73		282.4	10702.5	335.548
458	7330.63		253.796	10182.9	284.749
459	6983.85		223.708	9721.3	234.901
460	6694.32		194.504	9324.97	177.012
461	6470.09		160.955	8983.39	124.716
462	6247.61		125.976	8778.08	74.49
463	6071.06		94.7332	8649.37	40.9164
464	5908.35		61.9241	8563.16	55.6312
465	5769.9		37.4864	8487.09	93.2015
466	5669.18		29.6993	8505.33	134.573
467	5607.6		47.5317	8581.81	171.25
468	5626.55		68.0268	8681.15	202.94
469	5737.08		88.7854	8808.5	228.64
470	5876.17		110.167	9008.27	250.447
471	6046.54		129.372	9248.97	268.131
472	6319.43		145.325	9516.81	279.113
473	6630.83		153.777	9867.88	287.447
474	6977.2		161.063	10278.8	286.216
475	7390.13		162.764	10732.1	282.983
476	7894.55		156.064	11246	270.446
477	8447.58		144.263	11912.4	253.232
478	9076.17		129.849	12613.9	225.099
479	9864.17		104.224	13443	194.556
480	10722.1		75.1718	14418.5	154.214
481	11645.9		52.1037	15541.5	110.871
482	12664.7		78.2203	16691.1	71.0253
483	13593.7		141.479	17889.7	98.394
484	14233.7		215.114	19148.5	175.812
485	14686.8		297.095	20153.3	274.501
486	14769.4		372.252	20884	379.576
487	14355.6		434.416	21233.2	471.6
488	13479.3		471.791	21261.7	560.72
489	12243.8		480.6	20589	626.888
490	10660.9		460.349	19309.8	659.133
491	8986.76		420.027	17550.6	655.155
492	7387.05		363.171	15501.2	619.598
493	5929.68		301.646	13251.1	559.194
494	4679.93		238.082	11045.1	475.178
495	3661.81		179.701	9087.63	391.58
496	2883.49		130.484	7414.49	310.824
497	2281.14		86.782	6015.93	238.647
498	1859.42		51.3407	4874.64	171.626
499	1578.53		24.9235	3995.7	116.827
500	1404.06		10.6412	3352.68	71.8231
501	1315.46		19.0372	2908.42	38.7706
502	1295.95		28.2654	2609.77	18.4481
503	1309.79		35.3461	2413.73	18.8137
504	1340.33		37.4738	2303.14	27.1685
505	1370.1		36.7627	2246.39	33.2608
506	1389.59		34.2024	2209.02	36.353
507	1404.29		31.6595	2189.59	35.8669
508	1418.48		27.6939	2162.14	33.9964
509	1410.11		23.9546	2120.86	29.4353
510	1375.66		20.3655	2059.72	25.8862
511	1327.67		16.7487	1987.96	22.0706
512	42.059		4.90345	122.83	21.4624
513	66.241		4.5971	177.878	17.8076
514	65.882		4.61087	177.052	17.8723
515	67.499		4.51584	181.458	16.9178
516	67.581		4.70298	182.824	17.0902
517	69.698		4.62964	185.539	16.6316
518	70.852		4.5053	188.839	16.2685
519	72.441		4.61592	191.905	16.2453
520	73.394		4.84159	194.454	15.7828
521	74.787		4.58335	196.681	15.6626
522	75.845		4.70325	199.496	15.6131
523	77.217		4.78994	201.322	15.3471
