Wavelength,S2c / R1c,
nm,CPS / MicroAmps,
680,18881.1515612441
681,21984.2294387199
682,18387.7733788467
683,30144.7041880682
684,29877.2726702637
685,35154.7526565793
686,36184.0796783682
687,42410.8139019284
688,47925.3816772795
689,54288.7406971392
690,64685.3443651815
691,66921.969839481
692,73714.1119186955
693,75942.1579979684
694,99682.0209724766
695,107012.768418665
696,119068.115179791
697,126917.009651559
698,140524.202943118
699,164061.733252333
700,173761.801963065
701,185446.161830012
702,222555.243182032
703,241088.355777356
704,268928.354815603
705,288290.26757655
706,305237.02410483
707,334066.906532112
708,372595.270168056
709,408630.385508637
710,436552.921137409
711,480065.543464969
712,504567.611067347
713,543168.682943359
714,608182.032699364
715,643793.817087372
716,697386.337200038
717,755782.491392545
718,795146.100440416
719,840265.856374948
720,856592.855451525
721,948300.73440918
722,992797.146964057
723,1068527.03276328
724,1105470.75684952
725,1179579.0629411
726,1220501.38616526
727,1281721.87434807
728,1363493.78108251
729,1427690.84316198
730,1460660.66974809
731,1500431.11370774
732,1546853.89504036
733,1604149.30719191
734,1676540.54773515
735,1688621.34116502
736,1758955.88773105
737,1760443.98195896
738,1802159.28847605
739,1853139.39740156
740,1884103.96608657
741,1880970.85671961
742,1904131.46841602
743,1924714.40700042
744,1957347.36713169
745,1921497.26124339
746,1946385.57111297
747,1955042.48817341
748,1944847.13949239
749,1904439.61811578
750,1918133.33005323
751,1923353.8162932
752,1862649.32572044
753,1840534.16492216
754,1844579.57954069
755,1825269.24547816
756,1759849.6591072
757,1766114.2242196
758,1718871.72473882
759,1699038.13997246
760,1641574.4308302
761,1633498.87717715
762,1575732.10015843
763,1570051.20735195
764,1525612.87367004
765,1475300.61117292
766,1435583.01147377
767,1420239.78481555
768,1378403.35446622
769,1338692.36418551
770,1324267.60320179
771,1267289.85516101
772,1224912.04679449
773,1220124.97360793
774,1169480.9170752
775,1158448.13339577
776,1092163.12072035
777,1082982.6646733
778,1044717.19469083
779,1035166.0590218
780,986694.499068205
781,960863.66960509
782,925895.755937751
783,890053.415400155
784,877093.768169046
785,868058.850472555
786,830033.110289775
787,811095.490994183
788,800211.306149449
789,775720.713199816
790,756140.98095276
791,746185.410262653
792,737196.945317285
793,699181.073907424
794,686546.930752623
795,675227.486344909
796,673485.641794623
797,626291.401938172
798,645357.902122174
799,625940.202606533
800,615977.743364798
801,598500.761004866
802,593644.449735922
803,558101.868278828
804,573140.996785981
805,568039.002369589
806,533889.946393039
807,537990.494846075
808,522787.019881923
809,512905.81207775
810,517612.79621021
811,508973.169110269
812,495321.877916467
813,501712.686561266
814,493313.905175834
815,483092.763799114
816,472406.420071428
817,475281.273960746
818,443999.447062953
819,460893.038224073
820,453058.270262579
821,473417.102970903
822,437767.384840547
823,449413.662491341
824,445341.952890018
825,426186.805608608
826,412825.586590139
827,403836.148646989
828,408578.625641773
829,427205.014183631
830,419300.230167122
831,404422.567110322
832,387612.811738207
833,377651.592783751
834,373571.906710119
835,363360.510996954
836,369742.530014814
837,361049.255098936
838,352296.254995591
839,352606.244912737
840,332113.415882418
841,327809.508192765
842,350004.815590321
843,332863.780951769
844,314578.914206731
845,317649.815325723
846,300898.280013976
847,300543.74159734
848,299508.121958651
849,288818.088708916
850,287358.685122245
851,276229.334702876
852,266805.742986576
853,257855.353053381
854,263766.201796983
855,250668.139246893
856,249671.695239084
857,242564.167740965
858,226331.45626579
859,233664.627487943
860,222973.022814743
861,230020.289882999
862,204186.522678468
863,206740.712945603
864,206103.77441627
865,195284.909353186
866,192953.718283707
867,187168.415019079
868,186871.737548637
869,177785.262107211
870,181889.595088609
871,166383.596203749
872,167713.052947264
873,158288.002115874
874,154522.940978751
875,149998.307255962
876,137009.268859783
877,142166.66573948
878,139604.015749574
879,135349.76655899
880,127930.28365497
881,129442.86688398
882,134591.75223404
883,117731.070194844
884,123146.366362692
885,115861.494759153
886,115603.305187676
887,115856.091552872
888,107598.178840687
889,103291.346451127
890,103163.964294807
891,105087.809045746
892,113623.284798384
893,101511.69880175
894,99305.9379053307
895,98281.1310813795
896,94178.1128039197
897,95973.0258604793
898,95154.3162561401
899,96412.5630333302
900,91684.9411376174
901,83056.0619616465
902,88474.649003331
903,85329.6618138561
904,82210.4457179548
905,89027.3498423632
906,83066.4697022045
907,78385.1127940514
908,76642.7238380661
909,76445.2087350347
910,77969.0360229772
911,70939.3519807011
912,69854.0934751486
913,75008.1636142889
914,71301.041638269
915,66525.7462863939
916,70805.4917208615
917,66811.5878409667
918,64602.8389134063
919,63396.4853105624
920,65688.8087355188
921,64911.0212640013
922,64215.3739227623
923,63001.5349109731
924,61657.6580391138
925,60525.6728696137
926,59928.9598033553
927,63786.3207537739
928,54723.3584115347
929,57195.6408606027
930,60643.3058357414
931,53700.5940664142
932,52656.5380275113
933,52460.4055542496
934,55637.5033888902
935,58481.8911830313
936,53935.1682076321
937,55201.9519884506
938,47972.9763590915
939,50995.232776692
940,51101.4084679808
941,50181.988090015
942,47570.8817421377
943,47550.6720652554
944,44927.2960966854
945,50994.8150813428
946,44478.175709611
947,45240.4905291791
948,44709.382961269
949,42574.8391872862
950,47413.5964250962
951,39460.4990597909
952,39475.3790497611
953,38507.8888265875
954,40818.455620382
955,40033.5199139894
956,36453.3151415405
957,38895.0014468389
958,37989.5950969819
959,34900.9256803887
960,33488.701479166
961,32642.9496415254
962,32480.8139567303
963,35083.4261314764
964,31209.2815925775
965,27206.015976076
966,29036.9411536014
967,33272.8459535461
968,27060.5635507096
969,32021.1227069352
970,29378.1131715818
971,29306.3041959434
972,28110.6176349292
973,27380.0942341951
974,27865.738534667
975,28553.1840456274
976,30392.5515754069
977,28312.3678439281
978,22754.6677383321
979,23724.1538900057
980,21043.4526382681
981,25810.3286900859
982,28546.4362362384
983,24586.6795378852
984,22841.0143709896
985,25168.4901534975
986,22901.3269153379
987,20506.6645277583
988,22739.1130553615
989,20968.2853777094
990,21533.2891639772
991,18551.0965750056
992,21797.5789446247
993,20059.2102297929
994,18457.1759212545
995,18480.228340532
996,18291.752963785
997,16869.3480087754
998,20012.1855261026
999,13898.3334382235
1000,17617.0089942055
