Wavelength,S2c / R1c,
nm,CPS / MicroAmps,
680,4637.51491058911
681,6551.75692874919
682,7734.93753582942
683,7457.09455154321
684,4532.88269700954
685,7057.40308011181
686,8234.61792637215
687,8515.50887179664
688,10846.3073398852
689,8737.07784329086
690,8467.19014686823
691,11681.4315023469
692,10265.4199386478
693,13001.8797723013
694,16122.1115587892
695,19704.6611329737
696,15779.6687982099
697,15229.9764879751
698,17532.5838499397
699,20516.3175394775
700,23226.197002693
701,25184.5349785693
702,26252.619040118
703,30709.9326508
704,35709.8231930371
705,35249.57247763
706,36476.6112445614
707,38175.425736475
708,43083.6297059771
709,45676.2633857
710,52947.7492791378
711,56432.0994123457
712,62554.4688664249
713,69786.2367736689
714,70764.2454324897
715,80596.635114426
716,84381.0276293439
717,91739.389169938
718,97463.3612587072
719,107042.629327405
720,112939.095604054
721,126521.487790368
722,122928.092325143
723,136668.771063346
724,142148.412119091
725,155772.103126035
726,162379.803330482
727,173842.175148349
728,178623.841363266
729,193786.373593581
730,216887.080951318
731,214869.605745199
732,226776.646064137
733,238732.089902321
734,245330.592596166
735,270605.102181154
736,278079.369403614
737,281187.034544321
738,303181.493917691
739,319909.228678691
740,322895.513412302
741,338478.187456256
742,349583.513186208
743,364027.34205863
744,370157.484564401
745,393137.527578909
746,396254.910343625
747,406730.366484206
748,420471.665732096
749,432210.57074701
750,436769.466047575
751,443699.78398586
752,458887.603422474
753,443364.769490991
754,479482.158445645
755,478505.083619078
756,472376.549488851
757,486681.149294354
758,484799.823216002
759,493760.69279454
760,483540.732461178
761,500939.518002997
762,490595.972676394
763,496779.866837843
764,484314.973628761
765,493273.050621515
766,497723.898963699
767,480509.957067808
768,470483.994007576
769,461583.467334843
770,470586.366849122
771,473955.810442396
772,457570.709322626
773,445325.182807596
774,439475.740956796
775,427719.705282423
776,413416.667639684
777,419012.217848885
778,413647.329212429
779,405503.766406643
780,384609.235191479
781,383344.842411905
782,367678.770358306
783,372423.505800972
784,349772.873871346
785,347191.798977705
786,324258.927070048
787,330585.609102928
788,315074.990096702
789,308644.757258017
790,289478.066952954
791,294381.886875971
792,283793.299239491
793,265793.146295721
794,262028.138950099
795,269619.80600993
796,247735.943645206
797,254831.876843794
798,236487.394522871
799,241713.656198825
800,224373.042780464
801,219795.544616747
802,223082.205315674
803,211165.0180045
804,196276.853867745
805,200650.737395431
806,197585.078188184
807,186243.235634868
808,193626.761827061
809,193560.767549854
810,182674.296300191
811,183096.366094067
812,165451.364347816
813,168087.206275776
814,156332.937125124
815,163734.884522701
816,155185.459398459
817,156689.428267315
818,148877.197852028
819,152652.428684745
820,153327.09330089
821,158547.264482743
822,150182.776669013
823,145107.782118282
824,140062.203776678
825,142748.328926066
826,137884.519491016
827,148879.511284007
828,141635.352057806
829,140374.411054009
830,137465.304949485
831,140878.7991384
832,141194.463275824
833,124989.580760968
834,130801.577162906
835,134077.656351126
836,132698.026558244
837,130245.834002859
838,126867.522381954
839,130057.516093472
840,128313.201325858
841,127733.390583242
842,120879.561322981
843,120233.792378208
844,123243.574399575
845,120156.750114614
846,111465.456356621
847,116146.440911423
848,114271.608933484
849,108090.779633091
850,109126.079433866
851,112076.867006356
852,107496.380881431
853,97988.7720895668
854,101297.108214607
855,104921.289275622
856,108481.457458848
857,106394.853624392
858,100015.938327126
859,101684.931046412
860,97684.9262617867
861,99399.1730015214
862,98904.0150211572
863,88342.476584475
864,85937.2814255967
865,85469.1130132344
866,83140.2300726706
867,89241.5755061593
868,81000.1862300714
869,83573.2927784216
870,78085.6027565551
871,78499.7098828992
872,75419.0954971083
873,72713.1443726923
874,75557.6747105272
875,71508.2377585677
876,67356.4454806482
877,66635.0004189739
878,65367.8890187911
879,63716.5121840034
880,64463.1994204264
881,67096.4734111559
882,62160.9671180332
883,60485.9420016441
884,62541.0429272969
885,54539.6244452855
886,55761.948789857
887,54737.7522571389
888,55305.2055182096
889,51725.533805375
890,52665.458410042
891,51901.0235037699
892,49556.2206714218
893,43743.9854265086
894,47091.7220985588
895,46044.2878848906
896,41934.2644238251
897,41116.1431670716
898,41468.0238227534
899,42853.2384853671
900,38561.2358774799
901,41590.9134152534
902,38857.2594376115
903,39929.3030084106
904,36114.4093455937
905,34784.9459070139
906,32451.9174817175
907,36110.8459966368
908,35444.202244247
909,36930.1213758808
910,31987.189707032
911,32534.4707975135
912,31649.931478304
913,32421.212015887
914,29871.4173286771
915,29329.3825882152
916,30479.8765610541
917,29754.2008150711
918,27984.4619269344
919,28867.0666441423
920,26810.4530608304
921,26988.9835590417
922,28934.4016720808
923,27522.2374042565
924,27733.7224277158
925,24686.5313137282
926,25145.4092064875
927,25958.3634480393
928,26805.4209984115
929,23776.4249744638
930,25020.9584475364
931,26543.4544610541
932,24768.6711459333
933,23295.7396038895
934,23924.5439384323
935,25347.9108367714
936,20149.3003297952
937,23550.1392091319
938,22400.644331529
939,24174.5950202074
940,22838.4974412712
941,19432.6285419807
942,21223.1804700062
943,20795.0492188829
944,20688.1821057568
945,21627.6494254353
946,18292.9454804562
947,20216.266017811
948,18536.4769412805
949,21308.4837330987
950,21357.5304926544
951,19812.0277703931
952,19096.3375552546
953,20213.9977786854
954,18878.6786888479
955,19666.6971544236
956,20245.2493831623
957,18135.1970013017
958,17623.3905153568
959,18206.9656521553
960,18206.713436359
961,18660.7182135415
962,16675.0131624485
963,15674.9081736315
964,15457.6015832381
965,19082.5296988242
966,17386.9988276511
967,16096.0048276463
968,15623.9458562113
969,14534.8127475826
970,14830.6533886082
971,17717.9941372909
972,14806.71863035
973,13502.5166383064
974,13486.2860678661
975,15301.666615261
976,15012.836094251
977,12929.9800817349
978,12684.7954724242
979,14062.4644706501
980,12718.3842231869
981,13015.1471473602
982,11884.8631273296
983,13303.2528711292
984,9069.85103562006
985,13573.2295131719
986,11694.3538230754
987,12040.5409221074
988,11324.6475327247
989,12394.0198621099
990,10601.1052173525
991,11915.5800520501
992,10376.7209903745
993,10110.0214060564
994,10745.3314248341
995,11209.6832414566
996,10323.8895020508
997,10140.3960387198
998,11492.9951214753
999,9308.98173245809
1000,9252.87309980248
