Wavelength,S2c / R1c,
nm,CPS / MicroAmps,
680,15381.7556398193
681,15515.9625363674
682,21966.0162362183
683,20802.295908693
684,23340.5621050361
685,29103.0088005529
686,28982.260417768
687,29830.9622013054
688,35112.4163230805
689,38316.1208752662
690,42072.1914123571
691,46200.1967508034
692,50990.65176991
693,59100.3509726058
694,58616.5247479777
695,64906.6764144334
696,73603.9924159096
697,79967.4137464577
698,82600.7918691146
699,90387.9426600113
700,103818.827898802
701,111198.256122348
702,125334.411160195
703,131460.056401987
704,142323.288505396
705,151861.626858006
706,168164.447746372
707,172304.787720565
708,186631.146467018
709,204569.900254947
710,219875.830725969
711,232832.084384934
712,243671.26884841
713,260716.33181723
714,283384.750969045
715,294399.968479792
716,320636.475245216
717,335156.759716003
718,354284.59166213
719,366134.831648459
720,390266.791003807
721,407792.935173764
722,429432.756708447
723,458938.193563781
724,457824.246397979
725,472683.113219732
726,494906.478207431
727,510034.902808976
728,530706.080438119
729,546668.847526558
730,571781.78140633
731,577093.978855245
732,591517.850944167
733,610504.879785549
734,614681.270448212
735,623976.541798907
736,642529.630118036
737,656348.203035994
738,665120.437887981
739,678324.825813534
740,680313.932735056
741,683950.088950061
742,701208.161302195
743,694920.314554199
744,695349.897290393
745,688653.365605506
746,685702.654282466
747,684001.126065669
748,697382.906989293
749,695666.421068698
750,681769.061416345
751,666282.268037727
752,669106.057796403
753,659081.923633837
754,660213.529548257
755,631992.381529887
756,646102.926331092
757,618830.697829275
758,600684.844849278
759,602370.078000045
760,586840.849479186
761,581973.765303541
762,560162.875913701
763,549973.322299314
764,536734.223735191
765,522320.487879795
766,509779.926917301
767,498251.286325123
768,495057.833997654
769,470586.220162378
770,467982.179827178
771,451922.478062296
772,441487.245078412
773,415800.397176546
774,409901.774061939
775,397434.562461502
776,392058.066138223
777,373162.021730639
778,365351.007160013
779,358330.073392702
780,349923.369505278
781,327614.938322717
782,332614.820035051
783,325865.561411125
784,322919.88424346
785,293288.985519169
786,291200.470226166
787,295107.728560269
788,281011.59015767
789,271626.913964149
790,270043.496865007
791,258343.441065695
792,257603.056021782
793,248022.455171126
794,246747.35911379
795,246072.543201285
796,234079.307371583
797,237284.774492558
798,230112.583728499
799,233046.062704764
800,229003.760281685
801,222046.574435181
802,210267.162519138
803,212020.809147553
804,209431.389235612
805,217905.156270681
806,210131.424072694
807,206507.166250928
808,205844.714182876
809,198976.207449406
810,196549.354660519
811,204501.154615877
812,195318.074877167
813,196398.691282407
814,194082.972994
815,185844.104567354
816,182846.201272413
817,191171.089071075
818,187292.781295004
819,168682.369032279
820,176484.689207779
821,186096.764628964
822,180705.168780743
823,169949.714749034
824,177344.728528453
825,167779.779581356
826,176955.628119534
827,170258.889902448
828,169219.906593575
829,163126.66308805
830,157834.708487989
831,159337.957256345
832,164967.890624849
833,164596.473188189
834,150901.038837346
835,155696.255646934
836,154570.857017523
837,153736.015494006
838,144177.748907771
839,140444.036323675
840,133510.432128485
841,140861.389352993
842,126642.650433446
843,136483.774688621
844,129746.912552917
845,127195.108146567
846,127323.301422142
847,118564.325262818
848,118216.881240902
849,114853.982007124
850,112332.882948396
851,117119.469093768
852,112701.698818522
853,108748.344506967
854,104476.560240502
855,101291.645769114
856,100798.368025668
857,91228.1046196454
858,98056.8377479712
859,87645.0292899783
860,91881.4796107349
861,89828.0962594668
862,94410.9260171155
863,84488.800903188
864,84033.4360102486
865,83047.6344258769
866,79721.4970961659
867,76814.8043368092
868,70103.4135320724
869,68925.1326535893
870,70933.8534485264
871,68725.9949366375
872,69668.8548885054
873,63997.4625071939
874,68246.7005250062
875,68789.470737224
876,65970.5250397018
877,52490.2917835924
878,59777.5274807369
879,58314.9723480414
880,52414.4203389371
881,57759.5781326624
882,55675.8833959175
883,53145.4441394817
884,52268.4744845746
885,48643.2076827413
886,52782.0431061174
887,52682.8016165949
888,49187.2276110981
889,44458.1376848982
890,45468.7787217136
891,45098.4370011364
892,45447.7675401524
893,49195.8427750527
894,37591.2180925869
895,41212.37361081
896,40459.6603370446
897,38047.8846130975
898,38936.8922127122
899,38851.4985975051
900,39206.797192483
901,34479.8313881013
902,37598.4317621978
903,34634.8293659536
904,35981.2181014216
905,34643.7269038704
906,32523.1883539661
907,31854.0366159904
908,34406.3826658578
909,37199.2374813512
910,32133.9004574398
911,32360.2712713018
912,31759.2617820474
913,28313.233688457
914,30601.6807870103
915,29708.8668053391
916,28834.6109277128
917,31205.0500638667
918,28142.0554562459
919,29314.2881382784
920,28114.5100380308
921,30256.4581490472
922,26806.6658687923
923,26285.7068090132
924,31315.5558455624
925,28735.1819955961
926,29076.8543714607
927,26312.6163452321
928,27113.7507824227
929,23686.4896623335
930,25239.1418091312
931,26525.0059629721
932,25423.5743292378
933,26033.4710922678
934,27200.3352653401
935,23606.6848684867
936,25266.1811305782
937,23339.1370360565
938,22638.1305663498
939,22899.5960818915
940,21796.7580633722
941,23422.3528526173
942,23351.2312932822
943,24090.649394754
944,21838.4698709554
945,22340.4043050339
946,24297.7754152686
947,21436.903857505
948,21484.2119826741
949,20234.756955545
950,20771.6700470832
951,21517.9237606233
952,19052.0016339664
953,20142.8418999362
954,19686.1213076133
955,19204.0861816191
956,21776.573865774
957,21117.0122764816
958,18382.2533338137
959,17236.2717066406
960,17635.6495004701
961,19008.6101237833
962,18089.1475149239
963,15599.2197052971
964,16333.6640616663
965,17003.9819434189
966,18348.8167654818
967,16868.1973021019
968,16202.6178837998
969,14440.5913583506
970,13982.9560012062
971,15676.2654612303
972,14446.7962827226
973,14192.0691752052
974,14851.4028278208
975,14271.5777108975
976,14291.843773935
977,12594.420894075
978,10688.5652675849
979,14114.6690713195
980,12059.6081871118
981,11195.4004789883
982,12648.0591502506
983,12164.7818763256
984,10563.4595786093
985,11066.7362550565
986,9281.68485508748
987,11200.5885230649
988,11358.8566821756
989,9533.7304502218
990,9730.67601277922
991,11177.9622668992
992,10362.6605344236
993,9339.22551152359
994,8441.1692843509
995,9669.09329545844
996,8523.47656111386
997,9588.12938443896
998,6272.39627833491
999,8413.75261260371
1000,9599.34296994145
